#Position (bp)	Coverage
12686.5	156.55541541857164
38058.5	90.00926217877976
63430.5	83.645514740659
88802.5	95.37415260917547
114174.5	91.16557622576069
139546.5	122.59080876556834
164918.5	89.51174523096327
190290.5	90.91530033107362
215662.5	77.91786221031057
241034.5	93.22091281727889
266406.5	76.3215355510011
291778.5	76.61922591833518
317150.5	96.39035156865836
342522.5	86.49262967050292
367894.5	79.81838246886332
393266.5	100.5625492669084
418638.5	86.60030742550843
444010.5	92.35716537915813
469382.5	83.99992117294656
494754.5	98.83253192495664
520126.5	115.6995900993221
545498.5	77.63428188554312
570870.5	135.5336591518209
596242.5	89.24625571496138
621614.5	95.52640706290398
646986.5	94.41072836197382
672358.5	112.35700772505123
697730.5	106.44186504808451
723102.5	74.90367334069053
748474.5	84.85712596563141
773846.5	87.09577486993537
799218.5	84.06010562825162
824590.5	92.13609490777235
849962.5	89.89685480056755
875334.5	99.3685558883809
900706.5	93.79272426296706
926078.5	76.67326186347154
951450.5	98.21480372063692
976822.5	84.6967917389248
1002194.5	77.01407062903989
1027566.5	87.09983446318776
1052938.5	84.44828945294024
1078310.5	92.08418729307898
1103682.5	83.79083241368437
1129054.5	90.25181302222923
1154426.5	84.78917704556204
1179798.5	76.15158442377424
1205170.5	86.78003310736244
1230542.5	79.85420936465395
1255914.5	86.80297177991487
1281286.5	92.63175941983289
1306658.5	98.10807189027274
1332030.5	82.15584108466025
1357402.5	94.39314992905565
1382774.5	78.42976509538073
1408146.5	82.7364417468075
1433518.5	89.92554784802144
1458890.5	80.59045404382785
1484262.5	79.82267854327606
1509634.5	113.44419044616112
1535006.5	86.69647643071102
1560378.5	83.64752483052183
1585750.5	84.13786851647485
1611122.5	87.20743339113984
1636494.5	87.44486047611541
1661866.5	108.22607598927952
1687238.5	81.81810657417626
1712610.5	84.60866309317358
1737982.5	82.59640548636293
1763354.5	88.6372379000473
1788726.5	121.4489200693678
1814098.5	80.87821220242787
1839470.5	96.25197067633611
1864842.5	97.83328078196438
1890214.5	85.29315781176099
1915586.5	82.04106889484471
1940958.5	100.79426139050922
1966330.5	156.88325713384833
1991702.5	96.4855352356929
2017074.5	76.46555257764464
2042446.5	78.77628882232382
2067818.5	92.71236008198014
2093190.5	94.94017026643544
2118562.5	80.61181617531136
2143934.5	84.0482815702349
2169306.5	84.92385306637237
2194678.5	75.55100110357874
2220050.5	88.57997004571969
2245422.5	114.08383257133849
2270794.5	88.81865836355037
2296166.5	81.86895002364811
2321538.5	73.95211256503232
2346910.5	79.89610594355983
2372282.5	130.14787955226234
2397654.5	109.84376478007252
2423026.5	81.22130695254612
2448398.5	81.21645908875927
2473770.5	83.36891061012139
2499142.5	85.43563771086237
2524514.5	97.94923537758159
2549886.5	88.55072520889169
2575258.5	89.60188396657733
2600630.5	84.35176572599717
2626002.5	99.12036891061013
2651374.5	76.24830521835094
2676746.5	100.31739713069526
2702118.5	107.81203689106101
2727490.5	72.7350228598455
2752862.5	92.17408954753272
2778234.5	97.7447185874192
2803606.5	90.98541699511273
2828978.5	90.13767144884125
2854350.5	91.60401229702033
2879722.5	80.43402175626674
2905094.5	81.39295286142205
2930466.5	86.97024278732461
2955838.5	94.58347784959798
2981210.5	84.16908402963897
3006582.5	97.394095853697
3031954.5	84.23577171685322
3057326.5	123.83596090178149
3082698.5	86.90666876872143
3108070.5	109.72343528298912
3133442.5	111.26083871984865
3158814.5	86.441510326344
3184186.5	83.03495979820275
3209558.5	87.80683430553366
3234930.5	81.9159703610279
3260302.5	97.53358032476746
3285674.5	84.77691943875138
3311046.5	79.25910452467286
3336418.5	88.16821693205108
3361790.5	89.80825319249567
3387162.5	92.11087025067003
3412534.5	90.38357244206212
3437906.5	84.161556046035
3463278.5	91.46350307425509
3488650.5	93.09419832886647
3514022.5	78.88613432129907
3539394.5	79.19687056597824
3564766.5	76.02530348415576
3590138.5	101.7107047138578
3615510.5	91.25871038940565
3640882.5	84.01458300488727
3666254.5	87.50492669084029
3691626.5	90.8268169635819
3716998.5	76.10771716853225
3742370.5	81.39543591360555
3767742.5	86.77163802617058
3793114.5	79.43370644805297
3818486.5	81.04418256345578
3843858.5	84.70747280466657
3869230.5	84.71760208103422
3894602.5	95.7688396657733
3919974.5	124.41809869147092
3945346.5	74.89807661989595
3970718.5	84.16711335330285
3996090.5	90.04410373640233
4021462.5	88.98770297966261
4046834.5	79.2596957275737
4072206.5	92.34120290083557
4097578.5	99.50287718745074
4122950.5	92.91076777550055
4148322.5	85.57661989594828
4173694.5	85.37699038309948
4199066.5	92.63637080245941
4224438.5	114.73112092069998
4249810.5	89.83690682642283
4275182.5	98.9811603342267
4300554.5	124.23652057386094
4325926.5	90.58166482736875
4351298.5	85.16782279678385
4376670.5	104.22899259025698
4402042.5	112.99377266277787
4427414.5	96.0487939460823
4452786.5	90.03361973829418
4478158.5	104.88104997635189
4503530.5	104.72449944821062
4528902.5	92.94620053602397
4554274.5	96.9159703610279
4579646.5	77.4903042724263
4605018.5	88.69285038625256
4630390.5	86.353066372379
4655762.5	86.76588365126912
4681134.5	101.33761626990383
4706506.5	106.32563455778023
4731878.5	82.04536496925745
4757250.5	84.40631404698092
4782622.5	88.19020967996217
4807994.5	102.04055651899732
4833366.5	77.82086552104683
4858738.5	101.81030269588523
4884110.5	95.90367334069053
4909482.5	81.40517105470597
4934854.5	97.68733249251143
4960226.5	95.7355352356929
4985598.5	110.30975090651111
5010970.5	108.95487151190288
5036342.5	91.20865521046824
5061714.5	95.57409743023806
5087086.5	77.77648588995743
5112458.5	79.50063061642756
5137830.5	78.4497871669557
5163202.5	94.90465867885858
5188574.5	105.37281254926691
5213946.5	90.09415891533975
5239318.5	111.26659309475012
5264690.5	156.90052025855275
5290062.5	81.38577959955857
5315434.5	74.96842976509538
5340806.5	80.19860476115403
5366178.5	100.71543433706448
5391550.5	80.6675469020968
5416922.5	87.06314046980924
5442294.5	88.02542172473593
5467666.5	80.2422355352357
5493038.5	81.48754532555573
5518410.5	77.28551158757686
5543782.5	90.99274791108309
5569154.5	78.83505439066688
5594526.5	99.61843764780073
5619898.5	77.12423143622891
5645270.5	94.07922118871197
5670642.5	110.42006936780703
5696014.5	128.664393819959
5721386.5	97.00252246571023
5746758.5	100.8572836197383
5772130.5	91.82303326501655
5797502.5	108.26789374113196
5822874.5	164.38428188554312
5848246.5	121.04646854800568
5873618.5	108.5764622418414
5898990.5	94.54772978086079
5924362.5	73.36264385937254
5949734.5	75.07819643701718
5975106.5	79.34774554627148
6000478.5	89.94541226548952
6025850.5	93.31310105628252
6051222.5	93.09167586315624
6076594.5	85.09329181775185
6101966.5	93.50563613432129
6127338.5	79.0077644647643
6152710.5	109.07374270849756
6178082.5	102.7177597351411
6203454.5	131.79611382626518
6228826.5	128.00500551789375
6254198.5	101.2716774396973
6279570.5	104.98864890430396
6304942.5	79.22162226075989
6330314.5	88.5787482263913
6355686.5	83.32764464764307
6381058.5	92.92373482579221
6406430.5	85.29323663881443
6431802.5	76.3417941037364
6457174.5	76.1356613589784
6482546.5	75.76249408797099
6507918.5	86.70625098533817
6533290.5	82.94478164906195
6558662.5	79.09790320037837
6584034.5	86.80561248620526
6609406.5	80.96306952546114
6634778.5	78.00551789374113
6660150.5	81.59912501970676
6685522.5	74.85168689894371
6710894.5	90.30896263597667
6736266.5	92.06176099637396
6761638.5	97.00067002995428
6787010.5	80.0937253665458
6812382.5	92.27672237111777
6837754.5	82.72501182405802
6863126.5	94.6240343685953
6888498.5	87.7926454359136
6913870.5	71.51241526091755
6939242.5	81.61414157338798
6964614.5	97.0681854012297
6989986.5	84.17456250985339
7015358.5	90.58284723317043
7040730.5	77.62695096957276
7066102.5	79.35085921488255
7091474.5	81.66770455620369
7116846.5	86.95144253507804
7142218.5	92.32220558095538
7167590.5	99.88810499763518
7192962.5	77.35452467286773
7218334.5	89.29355194702822
7243706.5	101.40044143149929
7269078.5	90.32413684376478
7294450.5	89.69899889642126
7319822.5	97.65122970203373
7345194.5	79.52262336433864
7370566.5	81.29765095380735
7395938.5	93.63775027589469
7421310.5	64.41092542960745
7446682.5	71.44746176887908
7472054.5	90.59384360712596
7497426.5	83.83556676651426
7522798.5	89.17972568185401
7548170.5	104.01079930632193
7573542.5	82.77979662620211
7598914.5	77.67263124704398
7624286.5	93.85854485259341
7649658.5	75.12040832413685
7675030.5	100.68965789058805
7700402.5	81.90887592621787
7725774.5	91.96606495349204
7751146.5	79.40296389720952
7776518.5	87.7766041305376
7801890.5	80.8213384833675
7827262.5	91.21377896894214
7852634.5	94.63235062273372
7878006.5	87.366269903831
7903378.5	82.49968469178621
7928750.5	80.84104524672868
7954122.5	86.27971779914867
7979494.5	78.16124073782122
8004866.5	80.72347469651585
8030238.5	78.57721109884912
8055610.5	94.62608387198486
8080982.5	73.45967996216301
8106354.5	79.23931893425824
8131726.5	87.97406589941669
8157098.5	85.22946555257765
8182470.5	86.1434258237427
8207842.5	91.24463976036576
8233214.5	94.26970676336119
8258586.5	94.58304430080403
8283958.5	105.98257922118871
8309330.5	84.673340690525
8334702.5	85.23569288979978
8360074.5	77.83304430080403
8385446.5	94.51209995270376
8410818.5	82.0352356928898
8436190.5	85.8942929213306
8461562.5	84.36906826422829
8486934.5	137.103066372379
8512306.5	90.93319407220558
8537678.5	90.95108781333754
8563050.5	81.7567002995428
8588422.5	83.23569288979978
8613794.5	86.04240895475327
8639166.5	72.36209206999843
8664538.5	101.22422355352357
8689910.5	89.67511429922749
8715282.5	91.5442219769825
8740654.5	90.81775185243576
8766026.5	83.98301276998266
8791398.5	85.61713700141888
8816770.5	83.71149298439224
8842142.5	91.45625098533817
8867514.5	97.52620999527038
8892886.5	89.53456566293552
8918258.5	89.87978874349677
8943630.5	79.54028062431027
8969002.5	77.90950654264543
8994374.5	78.07902412107835
9019746.5	77.39653949235378
9045118.5	91.02601292763677
9070490.5	84.76387356140627
9095862.5	73.87076304587734
9121234.5	84.17976509538073
9146606.5	112.39776131168217
9171978.5	87.15205738609491
9197350.5	113.16242314362289
9222722.5	113.44627936307741
9248094.5	93.53468390351568
9273466.5	102.77617058174366
9298838.5	133.30892322244995
9324210.5	129.29568027747123
9349582.5	102.58205896263598
9374954.5	106.60716537915813
9400326.5	83.27297808607915
9425698.5	107.58548793946082
9451070.5	81.25989279520732
9476442.5	74.38097114929845
9501814.5	80.94529402490934
9527186.5	87.11236796468548
9552558.5	125.66644332334857
9577930.5	105.54012297020337
9603302.5	70.2619817121236
9628674.5	101.69147091281728
9654046.5	97.70861579694152
9679418.5	90.54536496925745
9704790.5	113.21961217089705
9730162.5	91.68930316884754
9755534.5	90.72524830521836
9780906.5	75.8469178622103
9806278.5	83.20408324136844
9831650.5	85.15836355037048
9857022.5	83.26249408797099
9882394.5	83.99728046665615
9907766.5	83.65950654264543
9933138.5	80.68453413211414
9958510.5	83.44170739397761
9983882.5	76.33568500709444
1.00092545E7	77.71941510326344
1.00346265E7	71.46984865205738
1.00599985E7	93.41880813495192
1.00853705E7	91.47599716222608
1.01107425E7	75.51686898943717
1.01359835E7	114.04822779769016
