#Position (bp)	mapping quality
12548.5	81.42748627280184
37644.5	243.6215749976655
62740.5	242.96360087266046
87836.5	243.4492452399468
112932.5	242.21676363493665
138028.5	229.43101850643933
163124.5	197.02400270846883
188220.5	147.00001371720944
213316.5	243.4920836668251
238412.5	243.54456247293749
263508.5	238.48542319582495
288604.5	240.47937448285992
313700.5	242.83986012158752
338796.5	240.252496331773
363892.5	243.8356451927974
388988.5	243.70278469739839
414084.5	230.4557064202451
439180.5	242.09427802279626
464276.5	231.5234866990973
489372.5	242.97176622809587
514468.5	155.25807606089833
539564.5	244.15207698873857
564660.5	244.13368955187062
589756.5	240.37712327707956
614852.5	242.1474686061708
639948.5	209.55542587807932
665044.5	185.902611753141
690140.5	242.58076341422586
715236.5	199.8801268728592
740332.5	243.9595742367534
765428.5	243.55122810910072
790524.5	188.45589373447825
815620.5	223.0946873401311
840716.5	214.82350731295344
865812.5	238.84066368382153
890908.5	236.41158433683248
916004.5	196.79271401000307
941100.5	214.8410128844372
966196.5	181.71064929977078
991292.5	197.71082356612484
1016388.5	184.1446262380648
1041484.5	175.82700769134766
1066580.5	168.40166618895543
1091676.5	242.67968805022983
1116772.5	238.08287593644908
1141868.5	242.79212461392822
1166964.5	237.88044587521154
1192060.5	241.57728487625394
1217156.5	243.12263306509152
1242252.5	244.48538148217213
1267348.5	240.6494711725341
1292444.5	219.03272868900913
1317540.5	182.43741620457322
1342636.5	220.97025481160898
1367732.5	223.69290091963035
1392828.5	243.1213082299869
1417924.5	243.75426276166323
1443020.5	241.68896931078535
1468116.5	241.2863387978142
1493212.5	223.7293134026568
1518308.5	243.26777821850882
1543404.5	239.8815430598694
1568500.5	203.84152801170006
1593596.5	240.69296788044232
1618692.5	244.3137828698969
1643788.5	244.68546962339835
1668884.5	243.5406763424395
1693980.5	241.86449314345455
1719076.5	243.84621271344852
1744172.5	244.20410954703794
1769268.5	234.61668202782602
1794364.5	237.3905629867976
1819460.5	241.60266432177426
1844556.5	241.36983631680704
1869652.5	197.78085375175957
1894748.5	236.56918992443832
1919844.5	209.51321051965454
1944940.5	204.3012318839493
1970036.5	226.796167544162
1995132.5	236.97067156006335
2020228.5	219.9254798676254
2045324.5	203.9695440100877
2070420.5	206.4595421176437
2095516.5	230.47071928812994
2120612.5	241.5290000637934
2145708.5	242.8980188357273
2170804.5	243.6843435373732
2195900.5	243.88711386897626
2220996.5	243.5645987336303
2246092.5	243.8465678657061
2271188.5	216.27540847417072
2296284.5	95.78582824582057
2321380.5	193.15199125495437
2346476.5	200.88582565119853
2371572.5	223.60995318529353
2396668.5	221.65537693969887
2421764.5	236.98508603352127
2446860.5	213.3065041130604
2471956.5	227.1557892548025
2497052.5	243.02343465989114
2522148.5	221.52097017513623
2547244.5	243.31785399326924
2572340.5	239.04256137897664
2597436.5	243.93774870705644
2622532.5	243.14639368194452
2647628.5	244.63429883066866
2672724.5	240.73706493250822
2697820.5	244.1612820190652
2722916.5	244.03211081811708
2748012.5	243.44293646621787
2773108.5	169.97109945971445
2798204.5	89.22984438966533
2823300.5	65.50327437396994
2848396.5	220.4558437350984
2873492.5	243.53679136957578
2898588.5	235.0211962986495
2923684.5	200.92991967144494
2948780.5	243.61406471241955
2973876.5	237.09307402319507
2998972.5	231.09604033943606
3024068.5	243.22620235990996
3049164.5	243.89910043443942
3074260.5	206.477266189758
3099356.5	211.3091456967198
3124452.5	170.98046238075025
3149548.5	117.42407475997449
3174644.5	191.55228376725495
3199740.5	222.60956175298804
3224836.5	167.49235157909746
3249932.5	200.09184537310435
3275028.5	243.23377986157624
3300124.5	241.84314173698317
3325220.5	243.08367354357748
3350171.5	111.74758849119168
3362719.5	1.9922676828081105
3375412.5	22.941841290852864
3400508.5	190.13264017154054
3425604.5	243.56227916263217
3450700.5	238.69534207391732
3475796.5	155.09587542842908
3500892.5	204.83033232103247
3525988.5	231.16089071162216
3551084.5	243.31602518185747
3576180.5	240.8280104971934
3601276.5	242.2616741265578
3626372.5	244.21782982115354
3651468.5	161.31840643916144
3676564.5	157.71717974203148
3701660.5	243.36488173437107
3726756.5	241.9564674276658
3751852.5	243.39621237006122
3776948.5	199.22271925888123
3802044.5	241.05426892687117
3827140.5	235.85030283658298
3852236.5	243.66842098596544
3877332.5	243.49510987314406
3902428.5	221.11346721328533
3927524.5	244.16970147724894
3952620.5	243.1008037096162
3977716.5	217.45233226864022
4002812.5	196.83335132064755
4027908.5	153.2639959510631
4053004.5	242.76885445979883
4078100.5	241.23915479914342
4103196.5	240.9021825301982
4128292.5	243.33864636227474
4153388.5	244.42303391607615
4178484.5	239.0903513836003
4203580.5	211.66718671501255
4228676.5	219.39003119018273
4253772.5	243.21771051760797
4278868.5	242.29997324857598
4303964.5	214.3323187320327
4329060.5	196.57686008643051
4354156.5	241.88638670206873
4379252.5	240.36229480015183
4404348.5	241.93379854739283
4429444.5	232.801771244419
4454540.5	238.8346620641016
4479636.5	233.93901987320467
4504732.5	242.06963362460178
4529828.5	243.25589404895942
4554924.5	239.7892321361766
4580020.5	208.0218833104835
4605116.5	238.0060409236117
4630212.5	235.99767530313594
4655308.5	238.88456325614916
4680404.5	230.55097125678563
4705500.5	243.20189296804605
4730596.5	242.46822265095895
4755692.5	240.61379229564247
4780788.5	243.48741941217025
4805884.5	243.41065051062355
4830980.5	240.51466761440628
4856076.5	243.9155586353551
4881172.5	209.7632625869368
4906268.5	244.00171467242532
4931364.5	244.37771117564577
4956460.5	242.85391493380135
4981556.5	243.4282041335255
5006652.5	228.44373226996694
5031748.5	202.71595869264345
5056844.5	242.7174055285088
5081940.5	244.44999289552186
5107036.5	242.46026617589013
5132132.5	230.9209431940855
5157228.5	242.77927109470818
5182324.5	236.37321972168525
5207420.5	235.9075836551453
5232516.5	203.64868077950328
5257612.5	229.7076010060993
5282708.5	239.19870366417757
5307804.5	243.7733534110417
5332900.5	243.00352547660327
5357996.5	218.81465829752827
5383092.5	206.81101988482217
5408188.5	227.12977075159588
5433284.5	192.8190465962764
5458380.5	242.02283018501453
5483476.5	233.43165150423476
5508572.5	201.76728810007472
5533668.5	243.0808041234372
5558764.5	232.27481247749424
5583860.5	238.89397064771356
5608956.5	243.04322732936188
5634052.5	240.30240438258883
5659148.5	218.45890997327854
5684244.5	242.45909645810306
5709340.5	243.67905289726642
5734436.5	243.51830878860807
5759532.5	220.69543422399906
5784628.5	242.0509756410008
5809724.5	243.2384635365561
5834820.5	205.55236213990497
5859916.5	241.72525330962483
5885012.5	243.20044861013727
5910108.5	243.50900973886064
5935204.5	228.74717406257955
5960300.5	242.87156970835542
5985396.5	241.90688491395292
6010492.5	241.49332807706216
6035588.5	239.59684101061993
6060684.5	242.3073954353128
6085780.5	243.73026801822587
6110876.5	243.81546437916586
6135972.5	184.9048701871622
6161068.5	240.90967284842543
6186164.5	244.63281070596224
6211260.5	242.70768320571793
6236356.5	243.3911432373157
6261452.5	241.4050725780272
6286548.5	239.3653217378286
6311644.5	243.3976506051543
6336740.5	243.5389382916911
6361836.5	244.45227573022223
6386932.5	244.42594461960294
6412028.5	244.81476712425436
6437124.5	241.13022466057882
6462220.5	242.3986577511272
6487316.5	243.5471515679558
6512412.5	203.7788188373194
6537508.5	157.94117808812567
6562604.5	173.6259988478184
6587700.5	235.63610359861963
6612796.5	243.39011708661874
6637892.5	243.616030900027
6662988.5	243.33341123508103
6688084.5	241.78989895322573
6713180.5	235.75121023190533
6738276.5	241.97197239984393
6763372.5	243.54349155908272
6788468.5	198.7677157781967
6813564.5	243.97444929272982
6838660.5	221.10998968376285
6863756.5	175.90670682175661
6888852.5	235.54894855198992
6913948.5	244.4552800739603
6939044.5	242.24363271241936
6964140.5	243.99979903695564
6989236.5	242.47941529335603
7014332.5	197.90950829869632
7039428.5	240.8163656359604
7064524.5	243.78787091949607
7089620.5	243.39498614163378
7114716.5	242.40727169814593
7139812.5	242.41285582157562
7164908.5	238.6380040465373
7190004.5	231.59575185465002
7215100.5	242.34379192475734
7240196.5	242.21373351596037
7265292.5	243.19065253548737
7290388.5	243.8910545662442
7315484.5	243.0793155841462
7340580.5	206.65566980446468
7365676.5	236.43362106269024
7390772.5	243.1860295450403
7415868.5	243.7072841204654
7440964.5	242.55401526144692
7466060.5	243.4932912182529
7491156.5	235.86696747759797
7516252.5	243.35601958173538
7541348.5	238.64333817927567
7566444.5	240.73877737667578
7591540.5	183.9839358855349
7616636.5	231.1359414872681
7641732.5	225.57725383547785
7666828.5	244.44317143393894
7691924.5	244.26808535911871
7717020.5	242.69076413467602
7742116.5	244.06035405602853
7767212.5	242.85039872436096
7792308.5	241.6060389347139
7817404.5	240.08709422712343
7842500.5	237.88452204020334
7867596.5	240.5149293967965
7892692.5	243.11965259438642
7917788.5	243.5169300792367
7942884.5	243.38377212729424
7967980.5	212.28768122972406
7993076.5	242.3486408272011
8018172.5	242.82488628789255
8043268.5	243.68258024029447
8068364.5	242.18972400056606
8093460.5	242.43612985305728
8118556.5	218.39694371040642
8143652.5	216.02087142959732
8168748.5	243.19158457572772
8193844.5	231.0877589266051
8218940.5	235.53938977507414
8244036.5	223.63808816271435
8269132.5	201.8092454478849
8294228.5	242.97550354906505
8319324.5	217.204248684918
8344420.5	242.90941144585997
8369516.5	242.16963746307644
8394612.5	243.1879217339414
8419708.5	242.5423542043273
8444804.5	243.32282195720572
8469900.5	241.31901623825524
8494996.5	244.40928961007722
8520092.5	243.18320164831295
8545188.5	144.90425868437154
8570284.5	244.3528140015132
8595380.5	243.3942718810648
8620476.5	242.41639539090718
8645572.5	225.76951160568
8670668.5	241.8401883483313
8695764.5	230.55278702007553
8720860.5	207.44539673047737
8745956.5	243.5626829701822
8771052.5	243.5522596552348
8796148.5	171.57199945725063
8821244.5	227.80558624661126
8846340.5	243.65637121517787
8871436.5	244.274782372763
8896532.5	226.25052620870753
8921628.5	243.93943206239052
8946724.5	243.66789138324927
8971820.5	244.16829304903467
8996916.5	243.46396180190746
9022012.5	242.2304911793998
9047108.5	243.34413865622395
9072204.5	242.43537106844724
9097300.5	240.14872016902427
9122396.5	207.14222837440389
9147492.5	231.13587615718498
9172588.5	239.5059391111265
9197684.5	214.49158310767817
9222780.5	222.80075640876018
9247876.5	236.40727878451952
9272972.5	242.8548729641613
9298068.5	243.49694429847145
9323164.5	243.28565006440024
9348260.5	241.92676012801775
9373356.5	234.2309126665524
9398452.5	242.95127998411385
9423548.5	224.21865834394234
9448644.5	242.5813085962164
9473740.5	243.73934857867945
9498836.5	180.9476119368177
9523932.5	241.72717050856704
9549028.5	237.793640141636
9574124.5	243.281442855714
9599220.5	217.05005077066474
9624316.5	238.19983893175828
9649412.5	204.21136194880833
9674508.5	201.4502860909717
9699604.5	222.50656883337535
9724700.5	239.97432390245507
9749796.5	242.94508200217112
9774892.5	244.6383121892979
9799988.5	239.99285449436258
9825084.5	243.5225117516503
9850180.5	196.55017388923562
9875276.5	235.83560475999104
9900372.5	238.41999066966085
9925468.5	244.46012074504955
9950564.5	220.20676252958927
9972539.0	28.73890094661355
9985087.0	1.789609058737962
1.00007565E7	49.02164057058121
1.0025699E7	55.32815446206136
