#Position (bp)	Coverage
11059.5	80.76941857310787
33177.5	83.99733248937517
55295.5	96.83339361605931
77413.5	94.52048105615336
99531.5	80.27186002351026
121649.5	118.94389185278958
143767.5	98.89569581336468
165885.5	105.87313500316485
188003.5	89.7119540645628
210121.5	87.87313500316485
232239.5	94.32936974409982
254357.5	94.58870603128673
276475.5	90.40858124604395
298593.5	92.79093950628447
320711.5	83.04688489013473
342829.5	86.86486119902342
364947.5	89.47612804050999
387065.5	82.74016638032371
409183.5	83.87168821774121
431301.5	75.43679356180486
453419.5	103.92173795099015
475537.5	76.15643367393074
497655.5	112.84130572384483
519773.5	78.70092232570757
541891.5	99.90455737408446
564009.5	114.08866081924225
586127.5	105.16235645175875
608245.5	89.87892214485939
630363.5	83.33050004521205
652481.5	72.27791843747174
674599.5	75.53454200198934
696717.5	70.40821954968804
718835.5	99.80925038430237
740953.5	100.82236187720409
763071.5	107.3191518220454
785189.5	82.40333664888327
807307.5	84.14110679084908
829425.5	94.28637308979113
851543.5	73.74021159236821
873661.5	80.18731350031648
895779.5	84.01378967356904
917897.5	82.56062935165929
940015.5	100.37164300569671
962133.5	108.84505832353739
984251.5	96.94158603852067
1006369.5	93.890451216204
1028487.5	104.36915634324984
1050605.5	98.68970973867438
1072723.5	90.9828646351388
1094841.5	92.79026132561714
1116959.5	83.9553305000452
1139077.5	89.74021159236821
1161195.5	81.86481598697893
1183313.5	80.42978569490913
1205431.5	79.95835970702595
1227549.5	93.02405280766796
1249667.5	86.90745094493172
1271785.5	89.96396600054254
1293903.5	84.49425807034994
1316021.5	92.31047110950357
1338139.5	106.87946468939326
1360257.5	79.45415498688851
1382375.5	106.2585676824306
1404493.5	110.97504295144226
1426611.5	91.41635771769599
1448729.5	108.98232209060494
1470847.5	89.60290261325618
1492965.5	95.03974138710552
1515083.5	123.71028121891672
1537201.5	76.17555836874944
1559319.5	92.7175603580794
1581437.5	89.36160593182024
1603555.5	68.63952436929198
1625673.5	69.25621665611719
1647791.5	83.98173433402658
1669909.5	76.28664436205806
1692027.5	115.76919251288544
1714145.5	81.24690297495253
1736263.5	79.1080115742834
1758381.5	96.52726286282666
1780499.5	85.5095397413871
1802617.5	84.05710281218917
1824735.5	79.42128583054526
1846853.5	78.4183470476535
1868971.5	85.95569219640112
1891089.5	84.52102360068723
1913207.5	79.44913644995027
1935325.5	77.91852789583145
1957443.5	96.46161497422914
1979561.5	95.78388642734424
2001679.5	95.88520661904332
2023797.5	76.31784067275522
2045915.5	84.29433040962112
2068033.5	90.9457907586581
2090151.5	92.6908400397866
2112269.5	92.6725291617687
2134387.5	92.78795551134823
2156505.5	79.98973686590108
2178623.5	82.28257527805407
2200741.5	95.02965910118455
2222859.5	101.35455285288
2244977.5	84.28108328058595
2267095.5	116.56234740934985
2289213.5	88.49150013563613
2311331.5	120.50723392711818
2333449.5	93.95867619133737
2355567.5	95.65051089610272
2377685.5	85.36757392169274
2399803.5	85.60864454290623
2421921.5	79.33940681797631
2444039.5	86.97115471561624
2466157.5	97.45958043222714
2488275.5	88.24048286463514
2510393.5	84.14363866534045
2532511.5	82.0402387195949
2554629.5	71.34044669499954
2576747.5	79.03662175603581
2598865.5	93.23248033276064
2620983.5	87.0131567049462
2643101.5	86.72524640564247
2665219.5	94.37340627543178
2687337.5	78.97698706935527
2709455.5	79.30179039696175
2731573.5	81.88267474455195
2753691.5	99.21706302559002
2775809.5	62.13604304186635
2797927.5	79.4932181933267
2820045.5	92.33972330228772
2842163.5	82.3597070259517
2864281.5	79.57419296500588
2886399.5	80.63473189257618
2908517.5	95.77936522289538
2930635.5	84.26033095216566
2952753.5	103.71575187629985
2974871.5	85.14277963649516
2996989.5	117.96645266298943
3019107.5	91.17582964101636
3041225.5	96.93891852789584
3063343.5	97.57780992856497
3085461.5	102.55493263405371
3107579.5	82.67044940772222
3129697.5	97.23614250836422
3151815.5	101.7955963468668
3173933.5	71.20765892033637
3196051.5	99.286825210236
3218169.5	100.04381047110951
3240287.5	69.13039153630527
3262405.5	90.32652138529704
3284523.5	85.6346414684872
3306641.5	96.81264128763902
3328759.5	90.3318564065467
3350877.5	96.94913644995027
3372995.5	91.65774482322091
3395113.5	104.47535943575369
3417231.5	81.0314675829641
3439349.5	89.22063477710462
3461467.5	88.95040238719595
3483585.5	82.58120083190161
3505703.5	96.70770413238087
3527821.5	86.86427344244507
3549939.5	75.80653766163306
3572057.5	95.27579347138078
3594175.5	95.79261235193056
3616293.5	109.69187991680984
3638411.5	96.06605479699792
3660529.5	123.94131476625373
3682647.5	94.23795099014377
3704765.5	80.24934442535492
3726883.5	79.51862736232933
3749001.5	82.96084636947283
3771119.5	93.42571661090514
3793237.5	75.90803870151008
3815355.5	100.71878108328059
3837473.5	79.01948639117461
3859591.5	90.64020254995931
3881709.5	113.72226241070621
3903827.5	83.19386924676733
3925945.5	83.60932272357356
3948063.5	73.93801428700606
3970181.5	88.63012026403834
3992299.5	90.37923862917081
4014417.5	97.9629713355638
4036535.5	83.42006510534407
4058653.5	88.48376887602858
4080771.5	81.70132923410797
4102889.5	94.71425987883173
4125007.5	90.76575639750429
4147125.5	79.12528257527805
4169243.5	89.22185550230581
4191361.5	103.59738674382855
4213479.5	82.76209422190071
4235597.5	87.29012568948367
4257715.5	84.21665611718961
4279833.5	114.47942851975766
4301951.5	84.53942490279411
4324069.5	90.63283298670765
4346187.5	83.46753775205715
4368305.5	96.26806221177321
4390423.5	88.02134008499864
4412541.5	80.28216836965368
4434659.5	82.71502848358803
4456777.5	78.00547065738313
4478895.5	76.13075323266118
4501013.5	90.22850167284565
4523131.5	89.5844560991048
4545249.5	87.0852699159056
4567367.5	94.43909937607378
4589485.5	79.83967809024324
4611603.5	119.96749254001266
4633721.5	85.58644542906231
4655839.5	76.04914549235916
4677957.5	88.32525544805137
4700075.5	90.65652409801972
4722193.5	83.30463875576453
4744311.5	102.36115381137535
4766429.5	80.71760557012388
4788547.5	89.12840220634777
4810665.5	91.15539379690749
4832783.5	76.31404286101818
4854901.5	89.82959580432227
4877019.5	82.28343430689935
4899137.5	87.91359978298219
4921255.5	86.85025770865359
4943373.5	125.86789040600416
4965491.5	96.93534677638122
4987609.5	87.82796817072068
5009727.5	116.00162763360159
5031845.5	113.85708472737137
5053963.5	92.50601320191699
5076081.5	79.55136088253911
5098199.5	76.71701781354552
5120317.5	144.75192151189077
5142435.5	76.49032462247943
5164553.5	90.07233927118185
5186671.5	91.24957048557735
5208789.5	87.4346685957139
5230907.5	97.45316032190976
5253025.5	75.5031648431142
5275143.5	91.00583235373904
5297261.5	95.99575006781807
5319379.5	109.24152274165837
5341497.5	75.51297585676825
5363615.5	123.48539650963016
5385733.5	105.77154353919884
5407851.5	93.82498417578442
5429969.5	121.78519757663442
5452087.5	82.25309702504747
5474205.5	83.3956053892757
5496323.5	91.65711185459807
5518441.5	89.18347047653495
5540559.5	74.57799077674292
5562677.5	110.38457365042048
5584795.5	84.83918075775387
5606913.5	90.18333484040149
5629031.5	88.98268378696085
5651149.5	91.58436567501582
5673267.5	95.82209060493716
5695385.5	111.8829008047744
5717503.5	88.2454561895289
5739621.5	85.36504204720137
5761739.5	87.41373541911565
5783857.5	96.3561804864816
5805975.5	95.94004882900805
5828093.5	92.72325707568496
5850211.5	97.96875847725835
5872329.5	83.58129125599059
5894447.5	78.2234831359074
5916565.5	81.31702685595442
5938683.5	101.79008047743919
5960801.5	75.88312686499684
5982919.5	83.16918347047654
6005037.5	98.14042861018176
6027155.5	86.10534406365856
6049273.5	88.6258703318564
6071391.5	98.59589474636043
6093509.5	89.46270006329686
6115627.5	85.90216113572656
6137745.5	84.77199565964374
6159863.5	78.9163125056515
6181981.5	97.40528076679628
6204099.5	102.6322904421738
6226217.5	98.76580160954879
6248335.5	103.11655665069175
6270453.5	77.81874491364499
6292571.5	98.69007143503029
6314689.5	120.72389004430781
6336807.5	93.53472285016728
6358925.5	73.10222443258884
6381043.5	92.95713898182476
6403161.5	101.69893299575007
6425279.5	82.0601772312144
6447397.5	91.39433945203002
6469515.5	83.9119269373361
6491633.5	75.74730988335293
6513751.5	93.02649425807034
6535869.5	90.82896283569943
6557987.5	94.50379781173704
6580105.5	97.34713807758386
6602223.5	81.40342707297224
6624341.5	83.10086807125418
6646459.5	84.57554932634054
6668577.5	109.04299665430871
6690695.5	85.10891581517316
6712813.5	74.90415046568405
6734931.5	80.81476625373
6757049.5	92.8517949181662
6779167.5	94.01573379148205
6801285.5	91.27823492178317
6823403.5	91.0996021340085
6845521.5	82.64431684600778
6867639.5	82.32593362871869
6889757.5	84.86205805226513
6911875.5	88.99190704403654
6933993.5	93.23700153720951
6956111.5	81.83059046930101
6978229.5	91.56519576815263
7000347.5	75.08979112035446
7022465.5	99.22845646080116
7044583.5	76.80251378967357
7066701.5	93.2840672755222
7088819.5	88.04173071706303
7110937.5	87.17478976399313
7133055.5	98.24608915815173
7155173.5	98.1338276516864
7177291.5	86.09702504747264
7199409.5	80.85667781897098
7221527.5	81.42101455827833
7243645.5	81.85649697079302
7265763.5	77.08070349941224
7287881.5	80.73121439551497
7309999.5	104.98281942309431
7332117.5	91.07609187087441
7354235.5	107.49068631883534
7376353.5	95.01048919432137
7398471.5	79.35997829821865
7420589.5	84.93810471109504
7442707.5	98.99380594990505
7464825.5	95.35111673749887
7486943.5	100.67230310154625
7509061.5	82.01537209512614
7531179.5	99.07794556469844
7553297.5	92.48408536033999
7575415.5	97.97522379962022
7597533.5	85.6286734786147
7619651.5	126.73433402658468
7641769.5	83.46247400307442
7663887.5	83.2757030472918
7686005.5	79.99819151822045
7708123.5	83.7199113843928
7730241.5	89.91409711547156
7752359.5	88.13631431413329
7774477.5	79.38674382855592
7796595.5	71.21828375079122
7818713.5	78.27818970973867
7840831.5	82.21150194411791
7862949.5	86.01048919432137
7885067.5	94.59150917804503
7907185.5	91.32127678813636
7929303.5	83.41477529613888
7951421.5	82.68026042137626
7973539.5	81.23532869156344
7995657.5	103.6458088434759
8017775.5	107.42481237001537
8039893.5	76.31901618591192
8062011.5	76.05669590378876
8084129.5	81.41007324351207
8106247.5	79.53422551767791
8128365.5	99.96319739578624
8150483.5	84.778867890406
8172601.5	92.46441812098743
8194719.5	79.82638574916358
8216837.5	107.28628266570215
8238955.5	86.39144588118275
8261073.5	88.85215661452212
8283191.5	98.60141061578804
8305309.5	85.67139886065648
8327427.5	96.93792386291707
8349545.5	91.09083099737771
8371663.5	97.81720770413239
8393781.5	76.63165747355096
8415899.5	88.78980920517226
8438017.5	104.71959490008138
8460135.5	103.40053350212497
8482253.5	141.938285559273
8504371.5	84.30653766163306
8526489.5	98.02771498327154
8548607.5	101.18952889049643
8570725.5	90.25427253820418
8592843.5	137.81811194502217
8614961.5	137.41057057600145
8637079.5	92.17691473008409
8659197.5	83.29708834433494
8681315.5	89.98399493625102
8703433.5	89.18111945022154
8725551.5	97.79686228411249
8747669.5	112.51057961841035
8769787.5	108.53336648883263
8791905.5	91.3872411610453
8814023.5	82.88547789131025
8835982.0	79.36162209275655
