#Coverage	Number of genomic locations
17.0	6.0
18.0	11.0
19.0	11.0
20.0	15.0
21.0	21.0
22.0	20.0
23.0	11.0
24.0	14.0
25.0	14.0
26.0	14.0
27.0	26.0
28.0	22.0
29.0	28.0
30.0	20.0
31.0	21.0
32.0	34.0
33.0	45.0
34.0	77.0
35.0	93.0
36.0	81.0
37.0	90.0
38.0	47.0
39.0	39.0
40.0	22.0
41.0	31.0
42.0	36.0
43.0	52.0
44.0	50.0
45.0	47.0
46.0	43.0
47.0	47.0
48.0	53.0
49.0	72.0
50.0	93.0
51.0	208.0
52.0	344.0
53.0	517.0
54.0	752.0
55.0	880.0
56.0	938.0
57.0	1075.0
58.0	1429.0
59.0	2160.0
60.0	2998.0
61.0	4275.0
62.0	5917.0
63.0	7964.0
64.0	10414.0
65.0	13266.0
66.0	16837.0
67.0	21086.0
68.0	27095.0
69.0	34270.0
70.0	42860.0
71.0	52617.0
72.0	62074.0
73.0	72378.0
74.0	83757.0
75.0	94991.0
76.0	108476.0
77.0	122466.0
78.0	137649.0
79.0	153123.0
80.0	169234.0
81.0	186863.0
82.0	203714.0
83.0	220665.0
84.0	235217.0
85.0	248111.0
86.0	260760.0
87.0	272817.0
88.0	283974.0
89.0	291868.0
90.0	300417.0
91.0	306219.0
92.0	309453.0
93.0	308733.0
94.0	305615.0
95.0	297029.0
96.0	285434.0
97.0	272578.0
98.0	257634.0
99.0	240480.0
100.0	221401.0
101.0	204229.0
102.0	187656.0
103.0	171740.0
104.0	157182.0
105.0	143747.0
106.0	130463.0
107.0	116485.0
108.0	104580.0
109.0	93257.0
110.0	82012.0
111.0	70631.0
112.0	62194.0
113.0	54799.0
114.0	48455.0
115.0	42706.0
116.0	37544.0
117.0	33037.0
118.0	28453.0
119.0	23902.0
120.0	19960.0
121.0	17170.0
122.0	14996.0
123.0	12870.0
124.0	11664.0
125.0	10529.0
126.0	9266.0
127.0	8191.0
128.0	7221.0
129.0	6308.0
130.0	5692.0
131.0	5129.0
132.0	4938.0
133.0	4559.0
134.0	4258.0
135.0	4258.0
136.0	4169.0
137.0	4061.0
138.0	4143.0
139.0	4090.0
140.0	4153.0
141.0	4068.0
142.0	3876.0
143.0	3783.0
144.0	3750.0
145.0	3548.0
146.0	3586.0
147.0	3555.0
148.0	3540.0
149.0	3879.0
150.0	3753.0
151.0	3744.0
152.0	3682.0
153.0	3553.0
154.0	3532.0
155.0	3489.0
156.0	3368.0
157.0	3459.0
158.0	3531.0
159.0	3540.0
160.0	3596.0
161.0	3653.0
162.0	3715.0
163.0	3887.0
164.0	4086.0
165.0	4250.0
166.0	4341.0
167.0	4434.0
168.0	4515.0
169.0	4376.0
170.0	4152.0
171.0	4209.0
172.0	3994.0
173.0	3959.0
174.0	3834.0
175.0	3612.0
176.0	3479.0
177.0	3431.0
178.0	3294.0
179.0	3100.0
180.0	3106.0
181.0	2808.0
182.0	2801.0
183.0	2661.0
184.0	2553.0
185.0	2375.0
186.0	2422.0
187.0	2260.0
188.0	2198.0
189.0	2138.0
190.0	2035.0
191.0	1815.0
192.0	1621.0
193.0	1588.0
194.0	1420.0
195.0	1435.0
196.0	1358.0
197.0	1376.0
198.0	1335.0
199.0	1304.0
200.0	1386.0
201.0	1370.0
202.0	1425.0
203.0	1408.0
204.0	1481.0
205.0	1473.0
206.0	1591.0
207.0	1483.0
208.0	1420.0
209.0	1459.0
210.0	1387.0
211.0	1347.0
212.0	1304.0
213.0	1294.0
214.0	1280.0
215.0	1193.0
216.0	1159.0
217.0	1034.0
218.0	1025.0
219.0	991.0
220.0	970.0
221.0	948.0
222.0	910.0
223.0	885.0
224.0	892.0
225.0	859.0
226.0	844.0
227.0	759.0
228.0	780.0
229.0	825.0
230.0	761.0
231.0	731.0
232.0	692.0
233.0	742.0
234.0	717.0
235.0	711.0
236.0	772.0
237.0	721.0
238.0	730.0
239.0	798.0
240.0	805.0
241.0	820.0
242.0	865.0
243.0	807.0
244.0	844.0
245.0	764.0
246.0	764.0
247.0	726.0
248.0	769.0
249.0	701.0
250.0	652.0
251.0	631.0
252.0	606.0
253.0	570.0
254.0	644.0
255.0	687.0
256.0	665.0
257.0	705.0
258.0	747.0
259.0	763.0
260.0	797.0
261.0	835.0
262.0	826.0
263.0	868.0
264.0	837.0
265.0	887.0
266.0	825.0
267.0	859.0
268.0	907.0
269.0	855.0
270.0	917.0
271.0	869.0
272.0	911.0
273.0	926.0
274.0	906.0
275.0	1052.0
276.0	1012.0
277.0	1033.0
278.0	1103.0
279.0	1114.0
280.0	1157.0
281.0	1080.0
282.0	1154.0
283.0	1046.0
284.0	1119.0
285.0	1092.0
286.0	1141.0
287.0	1144.0
288.0	1086.0
289.0	1057.0
290.0	1023.0
291.0	1013.0
292.0	1033.0
293.0	984.0
294.0	958.0
295.0	969.0
296.0	1001.0
297.0	972.0
298.0	965.0
299.0	920.0
300.0	862.0
301.0	900.0
302.0	941.0
303.0	929.0
304.0	898.0
305.0	933.0
306.0	947.0
307.0	1024.0
308.0	986.0
309.0	1051.0
310.0	1017.0
311.0	1063.0
312.0	1077.0
313.0	1103.0
314.0	1044.0
315.0	1017.0
316.0	1109.0
317.0	1053.0
318.0	1098.0
319.0	1123.0
320.0	1115.0
321.0	1121.0
322.0	1188.0
323.0	1195.0
324.0	1183.0
325.0	1097.0
326.0	1161.0
327.0	1145.0
328.0	1279.0
329.0	1232.0
330.0	1176.0
331.0	1258.0
332.0	1198.0
333.0	1311.0
334.0	1235.0
335.0	1275.0
336.0	1279.0
337.0	1159.0
338.0	1097.0
339.0	1036.0
340.0	1025.0
341.0	1044.0
342.0	1018.0
343.0	976.0
344.0	936.0
345.0	881.0
346.0	952.0
347.0	922.0
348.0	980.0
349.0	963.0
350.0	994.0
351.0	1036.0
352.0	989.0
353.0	983.0
354.0	990.0
355.0	1037.0
356.0	1009.0
357.0	974.0
358.0	963.0
359.0	913.0
360.0	907.0
361.0	907.0
362.0	851.0
363.0	864.0
364.0	803.0
365.0	852.0
366.0	819.0
367.0	851.0
368.0	908.0
369.0	915.0
370.0	915.0
371.0	1001.0
372.0	1014.0
373.0	1027.0
374.0	1127.0
375.0	1049.0
376.0	1094.0
377.0	1177.0
378.0	1148.0
379.0	1154.0
380.0	1183.0
381.0	1158.0
382.0	1192.0
383.0	1168.0
384.0	1186.0
385.0	1151.0
386.0	1217.0
387.0	1162.0
388.0	1265.0
389.0	1228.0
390.0	1211.0
391.0	1225.0
392.0	1188.0
393.0	1265.0
394.0	1223.0
395.0	1258.0
396.0	1200.0
397.0	1208.0
398.0	1232.0
399.0	1264.0
400.0	1174.0
401.0	1152.0
402.0	1096.0
403.0	1099.0
404.0	1061.0
405.0	1069.0
406.0	1074.0
407.0	1054.0
408.0	1037.0
409.0	928.0
410.0	1019.0
411.0	972.0
412.0	1039.0
413.0	1002.0
414.0	1013.0
415.0	1007.0
416.0	964.0
417.0	993.0
418.0	1063.0
419.0	976.0
420.0	976.0
421.0	927.0
422.0	961.0
423.0	863.0
424.0	821.0
425.0	808.0
426.0	750.0
427.0	738.0
428.0	656.0
429.0	668.0
430.0	601.0
431.0	591.0
432.0	523.0
433.0	525.0
434.0	508.0
435.0	544.0
436.0	461.0
437.0	499.0
438.0	474.0
439.0	455.0
440.0	465.0
441.0	477.0
442.0	488.0
443.0	449.0
444.0	469.0
445.0	462.0
446.0	449.0
447.0	466.0
448.0	507.0
449.0	540.0
450.0	559.0
451.0	526.0
452.0	556.0
453.0	546.0
454.0	564.0
455.0	614.0
456.0	591.0
457.0	582.0
458.0	565.0
459.0	559.0
460.0	600.0
461.0	575.0
462.0	610.0
463.0	541.0
464.0	526.0
465.0	538.0
466.0	526.0
467.0	556.0
468.0	525.0
469.0	524.0
470.0	535.0
471.0	507.0
472.0	487.0
473.0	515.0
474.0	511.0
475.0	487.0
476.0	498.0
477.0	473.0
478.0	438.0
479.0	508.0
480.0	480.0
481.0	456.0
482.0	473.0
483.0	466.0
484.0	501.0
485.0	482.0
486.0	451.0
487.0	477.0
488.0	467.0
489.0	464.0
490.0	445.0
491.0	435.0
492.0	391.0
493.0	380.0
494.0	351.0
495.0	332.0
496.0	316.0
497.0	300.0
498.0	272.0
499.0	265.0
500.0	225.0
501.0	208.0
502.0	181.0
503.0	186.0
504.0	173.0
505.0	188.0
506.0	156.0
507.0	147.0
508.0	124.0
509.0	128.0
510.0	131.0
511.0	116.0
512.0	121.0
513.0	114.0
514.0	96.0
515.0	103.0
516.0	104.0
517.0	116.0
518.0	98.0
519.0	99.0
520.0	111.0
521.0	115.0
522.0	97.0
523.0	106.0
524.0	110.0
525.0	93.0
526.0	102.0
527.0	97.0
528.0	91.0
529.0	85.0
530.0	89.0
531.0	105.0
532.0	109.0
533.0	100.0
534.0	116.0
535.0	118.0
536.0	132.0
537.0	126.0
538.0	111.0
539.0	101.0
540.0	125.0
541.0	97.0
542.0	106.0
543.0	89.0
544.0	77.0
545.0	87.0
546.0	81.0
547.0	73.0
548.0	65.0
549.0	72.0
550.0	67.0
551.0	69.0
552.0	54.0
553.0	71.0
554.0	65.0
555.0	58.0
556.0	46.0
557.0	69.0
558.0	71.0
559.0	45.0
560.0	69.0
561.0	56.0
562.0	68.0
563.0	43.0
564.0	55.0
565.0	45.0
566.0	47.0
567.0	52.0
568.0	43.0
569.0	52.0
570.0	39.0
571.0	41.0
572.0	57.0
573.0	61.0
574.0	52.0
575.0	57.0
576.0	64.0
577.0	56.0
578.0	68.0
579.0	76.0
580.0	83.0
581.0	66.0
582.0	84.0
583.0	92.0
584.0	83.0
585.0	84.0
586.0	88.0
587.0	93.0
588.0	76.0
589.0	76.0
590.0	100.0
591.0	76.0
592.0	96.0
593.0	90.0
594.0	84.0
595.0	97.0
596.0	100.0
597.0	104.0
598.0	118.0
599.0	105.0
600.0	101.0
601.0	108.0
602.0	107.0
603.0	94.0
604.0	94.0
605.0	82.0
606.0	95.0
607.0	92.0
608.0	74.0
609.0	61.0
610.0	63.0
611.0	50.0
612.0	42.0
613.0	53.0
614.0	29.0
615.0	45.0
616.0	40.0
617.0	22.0
618.0	20.0
619.0	25.0
620.0	24.0
621.0	28.0
622.0	27.0
623.0	23.0
624.0	21.0
625.0	26.0
626.0	20.0
627.0	19.0
628.0	24.0
629.0	19.0
630.0	22.0
631.0	22.0
632.0	22.0
633.0	12.0
634.0	18.0
635.0	14.0
636.0	20.0
637.0	13.0
638.0	18.0
639.0	16.0
640.0	10.0
641.0	10.0
642.0	14.0
643.0	10.0
644.0	10.0
645.0	16.0
646.0	10.0
647.0	18.0
648.0	17.0
649.0	12.0
650.0	17.0
651.0	22.0
652.0	17.0
653.0	31.0
654.0	36.0
655.0	24.0
656.0	28.0
657.0	39.0
658.0	34.0
659.0	34.0
660.0	32.0
661.0	26.0
662.0	24.0
663.0	26.0
664.0	26.0
665.0	13.0
666.0	7.0
667.0	10.0
668.0	4.0
669.0	4.0
670.0	3.0
671.0	1.0
672.0	3.0
673.0	2.0
674.0	8.0
675.0	2.0
676.0	4.0
677.0	2.0
678.0	3.0
679.0	2.0
680.0	1.0
681.0	2.0
682.0	1.0
683.0	3.0
684.0	7.0
685.0	6.0
686.0	2.0
687.0	3.0
688.0	2.0
689.0	1.0
690.0	3.0
691.0	3.0
692.0	4.0
693.0	1.0
694.0	2.0
695.0	4.0
696.0	2.0
697.0	5.0
698.0	5.0
699.0	5.0
700.0	1.0
701.0	3.0
702.0	1.0
703.0	4.0
704.0	1.0
705.0	1.0
706.0	7.0
707.0	6.0
708.0	2.0
709.0	8.0
710.0	4.0
711.0	7.0
712.0	4.0
713.0	6.0
714.0	4.0
715.0	3.0
716.0	5.0
717.0	3.0
718.0	6.0
719.0	6.0
720.0	5.0
721.0	11.0
722.0	7.0
723.0	5.0
724.0	9.0
725.0	10.0
726.0	8.0
727.0	10.0
728.0	9.0
729.0	15.0
730.0	13.0
731.0	7.0
732.0	14.0
733.0	11.0
734.0	16.0
735.0	16.0
736.0	16.0
737.0	20.0
738.0	20.0
739.0	29.0
740.0	22.0
741.0	27.0
742.0	28.0
743.0	33.0
744.0	29.0
745.0	41.0
746.0	53.0
747.0	47.0
748.0	43.0
749.0	46.0
750.0	54.0
751.0	58.0
752.0	61.0
753.0	69.0
754.0	73.0
755.0	57.0
756.0	62.0
757.0	61.0
758.0	63.0
759.0	61.0
760.0	61.0
761.0	54.0
762.0	47.0
763.0	50.0
764.0	40.0
765.0	27.0
766.0	33.0
767.0	29.0
768.0	37.0
769.0	29.0
770.0	29.0
771.0	30.0
772.0	21.0
773.0	19.0
774.0	20.0
775.0	16.0
776.0	14.0
777.0	25.0
778.0	15.0
779.0	22.0
780.0	15.0
781.0	17.0
782.0	29.0
783.0	22.0
784.0	28.0
785.0	34.0
786.0	31.0
787.0	44.0
788.0	33.0
789.0	48.0
790.0	37.0
791.0	58.0
792.0	51.0
793.0	64.0
794.0	66.0
795.0	71.0
796.0	80.0
797.0	69.0
798.0	82.0
799.0	70.0
800.0	75.0
801.0	57.0
802.0	79.0
803.0	73.0
804.0	72.0
805.0	80.0
806.0	74.0
807.0	76.0
808.0	80.0
809.0	81.0
810.0	66.0
811.0	91.0
812.0	71.0
813.0	68.0
814.0	76.0
815.0	97.0
816.0	77.0
817.0	70.0
818.0	73.0
819.0	57.0
820.0	63.0
821.0	54.0
822.0	56.0
823.0	51.0
824.0	44.0
825.0	42.0
826.0	34.0
827.0	24.0
828.0	26.0
829.0	26.0
830.0	22.0
831.0	17.0
832.0	14.0
833.0	6.0
834.0	9.0
835.0	5.0
836.0	3.0
837.0	9.0
838.0	1.0
839.0	4.0
840.0	3.0
843.0	1.0
