#Position (bp)	mapping quality
11243.5	149.15454660369963
33729.5	238.87537272140037
56215.5	243.26988820704457
78701.5	202.1756202384781
101187.5	242.12349875999666
123673.5	241.9910817444502
146159.5	224.1637494651146
168645.5	195.31452133812618
191131.5	240.43692944350718
213617.5	203.84893963980048
236103.5	237.96469395929924
258589.5	231.79599395128514
281075.5	192.60075647377565
303561.5	242.79183586178203
326047.5	241.63950008173168
348533.5	244.14594668818734
371019.5	160.0231961947319
393505.5	220.4221267064054
415991.5	242.89023464463065
438477.5	185.10961205363634
460963.5	215.35469944786266
483449.5	164.18235271888423
505935.5	231.02119219041165
528421.5	242.07454868836453
550907.5	242.94374085974547
573393.5	182.27127851908034
595879.5	243.03464192798347
618365.5	236.31761718702165
640851.5	120.52706669106577
663337.5	244.02366215284937
685823.5	227.81099400438796
708309.5	218.43207801489436
730795.5	241.74553919680855
753281.5	241.7985594125887
775767.5	243.20349456987643
798253.5	209.59120473349614
820739.5	237.19929503855258
843225.5	243.6857258181117
865711.5	244.05266766706666
888197.5	241.82061803763042
910683.5	242.56847737657588
933169.5	179.64665820370843
955655.5	242.90943531389053
978141.5	242.8789255204911
1000627.5	209.64444952289983
1023113.5	244.2823975656249
1045599.5	244.41284758071302
1068085.5	244.190904750088
1090571.5	186.39001948245493
1113057.5	243.5885139976663
1135543.5	243.7966561780196
1158029.5	243.05500957530487
1180515.5	224.46398964838815
1203001.5	211.4927622569836
1225487.5	243.16613539957547
1247973.5	242.65197279555267
1270459.5	215.51053285495692
1292945.5	242.8224971469942
1315431.5	214.96056946866838
1337917.5	242.8764653351194
1360403.5	237.2850536793381
1382889.5	240.94833591008822
1405375.5	197.96588112473924
1427861.5	235.43060747528676
1450347.5	242.50283039407793
1472833.5	179.91067691166978
1495319.5	242.20480214790695
1517805.5	242.90581500856854
1540291.5	240.38568834387377
1562777.5	204.68530172856956
1585263.5	243.4879984383742
1607749.5	243.06588515452077
1630235.5	243.2617262506589
1652721.5	243.13414407082448
1675207.5	243.69733725108912
1697693.5	243.41868815010776
1720179.5	242.17697051755582
1742665.5	241.9985414347676
1765151.5	242.71841149378162
1787637.5	241.42989067169674
1810123.5	183.8398815297876
1832609.5	241.54908045629014
1855095.5	241.7899129567855
1877581.5	243.0106077304903
1900067.5	232.8664875655322
1922553.5	241.6224718917744
1945039.5	242.9540840893596
1967525.5	241.85550755511798
1990011.5	242.01039496422894
2012497.5	243.39864802477464
2034983.5	151.67426598753121
2057469.5	242.80393036444443
2079955.5	243.98462973842757
2102441.5	222.33067860602463
2124927.5	232.652180593877
2147413.5	206.96699222964384
2169899.5	174.63031980934463
2192385.5	242.61243675872004
2214871.5	242.07490235579772
2237357.5	239.86058356773523
2259843.5	237.4492967477291
2282329.5	243.33065518325853
2304815.5	241.70398325817953
2327301.5	201.7023589598633
2349787.5	197.79435954335494
2372273.5	172.5031794275424
2394759.5	228.98150382716722
2417245.5	226.98152071994394
2439731.5	188.79490184702496
2462217.5	205.62866377773088
2484703.5	199.59968918247606
2507189.5	237.37616416303484
2529675.5	192.7268070349901
2552161.5	227.67948508460213
2574647.5	241.91123023871612
2597133.5	236.2097435917099
2619619.5	242.46421168746832
2642105.5	242.80835168117756
2664591.5	227.7579751410569
2687077.5	219.07972429864563
2709563.5	140.19020052693207
2732049.5	205.22902211135195
2754535.5	242.39380458736215
2777021.5	241.99134842548278
2799507.5	243.235176510756
2821993.5	244.1437554338523
2844479.5	242.72661096319922
2866965.5	209.5299191871129
2889451.5	243.07861604834264
2911937.5	207.4660040256579
2934423.5	240.6740107680851
2956909.5	243.22600260365263
2979395.5	243.64918234209986
3001881.5	189.07261788121698
3024367.5	197.1229034861179
3046853.5	218.9742633307165
3069339.5	243.77738660535348
3091825.5	243.75516438563665
3114311.5	243.81710137373955
3136797.5	243.04306359219447
3159283.5	242.5184592599697
3181769.5	244.00445666676583
3204255.5	241.68662721989173
3226741.5	240.55931437065772
3249227.5	240.2507348773559
3271713.5	243.08343892314298
3294199.5	244.1872062153061
3316685.5	244.4827410574129
3339171.5	243.2943484974378
3361657.5	244.09562726209577
3384143.5	243.98098571954296
3406629.5	243.8409542780515
3429115.5	239.3576976746062
3451601.5	240.22282632186676
3474087.5	241.6043168099506
3496573.5	243.94479759213678
3519059.5	240.46500880622142
3541545.5	242.07595699544368
3564031.5	242.54886309687978
3586517.5	241.770770033288
3609003.5	243.242906409127
3631489.5	212.10345084182265
3653975.5	242.41616422398187
3676461.5	183.20110226831346
3698947.5	205.52365509527283
3721433.5	188.3741545654147
3743919.5	242.37577938589322
3766405.5	242.64523000370357
3788891.5	244.13850737916502
3811377.5	214.83778010433528
3833863.5	166.8142735685309
3856349.5	171.46122245284377
3878835.5	187.33433075934175
3901321.5	239.36686879429845
3923807.5	212.6950909695843
3946293.5	175.46349763074983
3968779.5	233.29734375981886
3991265.5	221.70626802562785
4013751.5	190.6467326451162
4036237.5	243.78460637581728
4058723.5	242.7458510757353
4081209.5	242.4138532603588
4103695.5	240.89052596217647
4126181.5	243.7254305245225
4148667.5	238.43914187096988
4171153.5	243.94601879064484
4193639.5	155.30947039621415
4216125.5	197.12147617236363
4238611.5	203.1422167669631
4261097.5	225.36022892785655
4283583.5	232.71144553556337
4306069.5	243.5982268304881
4328555.5	195.00133542861275
4351041.5	244.1463811333521
4373527.5	244.59079599412166
4396013.5	193.50846803126277
4418499.5	242.91206477093652
4440985.5	243.11855140242017
4463471.5	187.36118421725305
4485957.5	105.54235850717008
4508443.5	184.9858568326718
4530929.5	243.6038988698603
4553415.5	242.10239533260548
4575901.5	241.8308964852027
4598387.5	243.2513862527039
4620873.5	244.18499765398468
4643359.5	237.24202697310176
4665845.5	181.679074004572
4688331.5	243.81972389393118
4710817.5	228.49508693712187
4733303.5	241.3066251127843
4755789.5	198.78199335950004
4778275.5	244.03118234386494
4800761.5	242.28147863871564
4823247.5	238.94384252847289
4845733.5	242.63820674047722
4868219.5	209.14024124827534
4890705.5	243.26515574174084
4913191.5	150.49285645471528
4935677.5	147.65570863902406
4958163.5	171.59858692786034
4980649.5	166.4893374300706
5003135.5	175.94412108004533
5025621.5	183.61561483686788
5048107.5	212.4831071044232
5070593.5	241.9870124184628
5093079.5	219.88766875782952
5115565.5	244.034557994159
5138051.5	241.14093876979123
5160537.5	220.06759974345957
5183023.5	242.9902170370821
5205509.5	188.10518456597114
5227995.5	209.72778520836357
5250481.5	207.22959934096346
5272967.5	243.78961737395758
5295453.5	243.09482943483735
5317939.5	243.85505964578184
5340425.5	242.616530330738
5362911.5	147.2132061929908
5385397.5	158.01603154483024
5407883.5	143.41402514960197
5430369.5	144.25597312184343
5452855.5	188.99163865991804
5475341.5	242.92655096130062
5497827.5	243.50249965654464
5520313.5	243.20647856024462
5542799.5	207.3973610068935
5565285.5	243.31554955398175
5587771.5	229.94209138893817
5610257.5	243.4625331985984
5632743.5	239.80122546433302
5655229.5	217.01861208368678
5677715.5	243.29018939698022
5700201.5	242.44503881879194
5722687.5	243.35266506089107
5745173.5	242.72359067754903
5767659.5	243.1791490471165
5790145.5	118.16561839139739
5812631.5	202.9611225494291
5835117.5	227.50705681823973
5857603.5	235.0303168922606
5880089.5	179.56578489779176
5902575.5	243.71123057646795
5925061.5	230.73541269500868
5947547.5	221.26932578076057
5970033.5	198.233083112002
5992519.5	231.3524526606329
6015005.5	210.69116513476754
6037491.5	236.59133656388016
6059977.5	243.1880221144254
6082463.5	229.63285629155985
6104949.5	155.36272331970892
6127435.5	182.10863757755078
6149921.5	154.16132593882466
6172407.5	188.24409866871233
6194893.5	191.7728369786536
6217379.5	199.00769981814733
6239865.5	184.0136184531751
6262351.5	146.02356190600108
6284837.5	243.5691821335887
6307323.5	198.08663360173588
6329809.5	242.16970465981944
6352295.5	203.716725597438
6374781.5	176.05124860149
6397267.5	150.78076333696114
6419753.5	239.98720997270647
6442239.5	240.1789751533996
6464725.5	242.45982041494176
6487211.5	205.5714216030914
6509697.5	185.67332185977688
6532183.5	206.49947623962106
6554669.5	206.98963076046036
6577155.5	240.6396788770118
6599641.5	242.95815359838178
6622127.5	212.898942103279
6644613.5	242.6677050234246
6667099.5	226.3256952764787
6689585.5	241.83756312826839
6712071.5	209.9408616489666
6734557.5	214.92626122244278
6757043.5	243.01500006983483
6779529.5	190.32822989520741
6802015.5	243.99257561663603
6824501.5	241.2601607685521
6846987.5	236.25972635952482
6869473.5	218.16047050933938
6891959.5	164.5186489874386
6914445.5	175.22355131420753
6936931.5	192.72328053206977
6959417.5	162.25151092639763
6981903.5	174.44639902231592
7004389.5	243.84413598955615
7026875.5	233.20843187555488
7049361.5	164.93419287470698
7071847.5	234.10908417023188
7094333.5	243.39680540476544
7116819.5	206.2262705489563
7139305.5	242.34897893189614
7161791.5	243.34508178923815
7184277.5	192.14149679517035
7206763.5	187.22199297894662
7229249.5	230.30889780503097
7251735.5	243.17643257155655
7274221.5	241.82838203227215
7296707.5	240.18886762203317
7319193.5	242.54363060860945
7341679.5	207.48168380306603
7364165.5	186.41148916674874
7386651.5	242.219597258814
7409137.5	241.1700799868904
7431623.5	243.21262136022895
7454109.5	237.3697317727441
7476595.5	230.0905379572745
7499081.5	241.77421061268421
7521567.5	241.50697064700424
7544053.5	195.64787911978493
7566539.5	208.3647942975251
7589025.5	240.8572055601411
7611511.5	244.27929123623178
7633997.5	243.55499502222267
7656483.5	242.9646690613241
7678969.5	218.17715073192736
7701455.5	238.3934496596154
7723941.5	234.8437408473883
7746427.5	193.73333842188626
7768913.5	243.5592663359627
7791399.5	243.6359949127387
7813885.5	242.5576294325973
7836371.5	240.53661146353335
7858857.5	219.31958088642693
7881343.5	164.0648293255342
7903829.5	201.33788311059757
7926315.5	225.29685986297324
7948801.5	238.5180665404165
7971287.5	241.47382560312087
7993773.5	191.81530043434984
8016259.5	243.97615857045892
8038745.5	243.5602558005963
8061231.5	242.9418748732625
8083717.5	242.30199136944796
8106203.5	240.73613803218046
8128689.5	157.1521820601079
8151175.5	179.45564249580576
8173661.5	241.97831831536948
8196147.5	241.16352741272024
8218633.5	243.72407676293295
8241119.5	244.60574594679306
8263605.5	242.8739660487342
8286091.5	239.48210509479458
8308577.5	242.10738950982523
8331063.5	243.9169490006274
8353549.5	241.17767519667157
8376035.5	213.83780741347394
8398521.5	243.11772884693167
8421007.5	232.11176116857123
8443493.5	185.60745521446958
8465979.5	238.96384897777202
8488465.5	182.22414935416805
8510951.5	242.64086310817638
8533437.5	224.35559485934206
8555923.5	137.22129421280258
8578409.5	154.20269287541024
8600895.5	158.22541780868346
8623381.5	204.8236309859507
8645867.5	242.0326461850398
8668353.5	243.095565998325
8690839.5	240.21781730682844
8713325.5	238.08338070695046
8735811.5	238.68312651963
8758297.5	240.45278596631434
8780783.5	201.64602905569006
8803269.5	243.07183145044098
8825755.5	184.3474117143143
8848241.5	231.82782264041612
8870727.5	185.03978065203233
8893213.5	168.0619074606323
8915699.5	208.4146643778755
8938185.5	183.47364477719745
8960671.5	243.61215308934408
8982983.5	243.96747292099863
