EEP	MEP	LEP	ESP	LSP	25°C	NaCl_shock	Bile_shock	Low_Fe2+_shock	Anaerobic_shock	Anaerobic_growth	Oxygen_shock	NonSPI2	InSPI2	Peroxide_shock_(InSPI2)	Nitric_oxide_shock_(InSPI2)	Macrophage	EEP	MEP	LEP	ESP	LSP	25°C	NaCl_shock	Bile_shock	Low_Fe2+_shock	Anaerobic_shock_gap	Anaerobic_growth	Oxygen_shock	NonSPI2	InSPI2	Peroxide_shock_(InSPI2)	Nitric_oxide_shock_(InSPI2)	Macrophage	Systematic ID SL1344	Gene name SL1344	Gene_synonym SL1344	Strand SL1344	Location of Start ST4/74	Location of End ST4/74	Length (nt) in ST4/74	Type SL1344	Chromosome / Plasmid SL1344	Note SL1344	EMBL product SL1344	Genbank product SL1344	Genbank note SL1344	PubMed ID SL1344	Systematic Name D23580	Common Name D23580	Gene_synonym D23580	strand D23580	start D23580	end D23580	gene length D23580	molecule D23580	Genome Element Type D23580	Note D23580	EC D23580	GenBank Accession No. D23580	Dbid D23580	Description in Genbank D23580	LT2 orthologue	14028 orthologue	ST4-74 orthologue	UK-1 orthologue	Alternate SL1344 identifier
tpke11	365	1,270	132	235	77		214		1,754	762	2,021	332		170	461		407	666	308	795		357		365	457	202	186	60		127		1,498	694	2,398	563		101	501		178	78	360	165		382
STnc890	224	814	160	317	144		226		1,581	970	1,068	736		252	350		374	450	166	2,133		190		291	378	227	285	253		184		978	506	1,761	1,500		262	437		307	241	201	746		522
STnc3200	13	12	24	66	36		12		17	14	27	107		47	22		22	50	27	77		9		11	15	24	22	14		20		17	27	36	47		33	11		23	18	28	57		5
STnc3210	11	11	38	8	89		8		92	17	17	8		13	40		19	68	6	84		16		7	7	20	16	61		9		49	9	8	10		7	11		11	42	7	146		21
STnc1010	169	279	336	546	1,366		61		359	311	237	456		321	193		375	403	591	622		112		173	234	304	402	1,000		78		327	281	337	439		297	197		403	341	434	534		47
STnc3220	95	77	74	64	44		130		171	82	88	134		83	52		49	43	170	120		43		48	60	34	53	37		86		113	64	115	156		66	34		44	87	105	63		45
STnc4160	24	34	28	60	76		15		27	1	35	44		49	52		50	80	57	52		80		24	38	54	28	35		14		39	7	43	55		51	39		52	92	99	68		49
STnc3090	8	10	7	7	1		9		6	1	14	8		6	8		14	216	24	15		299		16	8	9	11	7		8		16	1	12	13		10	12		11	141	135	73		234
DapZ	1,076	3,511	21,880	51,904	4,579		2,510		1,835	2,390	3,919	5,861		24,262	37,479		11,873	5,848	12,232	15,720		551		2,077	2,151	36,706	46,703	4,844		1,981		1,160	1,420	3,966	4,618		21,066	47,244		11,760	6,160	8,062	12,044		644
STnc3230	29	52	133	131	155		122		155	84	91	87		119	160		44	104	58	156		28		12	25	76	96	71		40		94	52	54	44		94	40		32	157	64	190		18
InvS	66	71	133	389	487		69		541	86	84	116		135	133		755	3,229	1,949	1,465		1,293		50	95	203	301	516		95		523	59	86	92		140	182		624	2,776	1,756	2,851		1,248
STnc4170	87	44	67	44	34		71		204	47	115	90		97	94		132	101	95	337		81		40	44	41	25	8		46		108	41	57	34		60	47		72	87	33	142		276
STnc3240	71	94	79	74	15		46		63	71	123	118		99	76		55	119	65	124		57		43	54	61	72	17		55		59	66	101	86		93	67		54	58	43	126		60
STnc4180	109	233	128	108	2		96		79	38	136	69		46	80		134	142	63	59		28		273	320	139	80	7		187		234	58	335	69		67	89		146	101	77	70		20
SroA	5,508	25,497	18,363	10,661	2,838		12,675		7,578	278	26,290	24,075		7,871	5,114		3,590	5,655	3,372	3,362		1,128		15,971	16,958	10,508	6,317	1,357		22,531		8,080	423	28,981	9,970		5,347	3,145		7,428	2,616	3,120	2,134		216
SgrS	162	518	331	635	124		365		665	384	513	972		571	397		525	337	478	729		170		150	592	242	620	148		252		346	313	619	1,170		547	332		565	411	267	308		234
STnc1500	25	41	56	123	52		32		106	9	45	83		93	103		72	181	76	78		54		51	78	132	77	27		29		124	11	65	101		157	85		91	193	139	232		43
tp2	0	0	1	1	2		1		0	1	0	6		3	2		1	6	3	7		2		2	0	2	3	7		1		6	3	6	6		3	2		2	4	2	9		3
STnc4190	46	57	34	24	7		54		76	22	77	62		29	27		38	43	17	74		18		31	41	25	10	5		28		46	30	46	25		32	21		30	36	10	39		12
STnc3250	179	147	17	27	61		194		137	354	409	34		22	52		82	10	341	34		113		100	71	10	15	51		195		173	55	378	24		16	36		52	8	240	17		95
STnc1510	72	113	118	199	56		46		176	49	181	326		185	91		77	134	297	347		101		54	76	65	122	40		54		154	61	208	246		136	64		71	65	133	193		79
STnc3100	108	165	155	156	265		99		266	216	150	171		162	149		157	184	71	167		155		106	137	215	203	154		76		264	232	192	121		179	195		187	133	118	181		447
STnc3110	47	52	105	115	309		90		176	73	66	103		108	117		77	192	123	169		275		44	45	90	95	175		57		178	70	51	75		110	84		67	174	149	241		471
t44	2,929	2,417	2,116	406	7		1,972		1,534	1,869	1,754	332		360	1,524		1,912	1,364	162	210		1,400		2,189	2,197	1,415	612	21		2,124		1,116	2,134	1,129	251		303	997		1,736	713	186	277		1,130
sRNA1	619	955	735	691	595		511		452	686	839	698		866	580		626	866	581	510		277		1,576	1,179	1,089	1,003	398		1,281		1,016	1,719	1,260	631		905	720		1,359	497	409	803		250
STnc920	499	668	430	286	26		444		1,002	397	585	384		237	346		525	407	214	201		173		645	620	528	497	44		529		958	379	725	519		406	407		712	446	267	308		440
IsrA	0	0	1	0	0		2		0	0	0	0		0	0		0	0	0	0		5		2	0	0	1	3		0		0	0	0	0		0	0		1	0	0	0		2
STnc1030	7	6	6	7	1		2		9	9	11	11		10	6		5	4	3	14		11		7	10	7	10	2		5		14	12	11	8		11	10		8	6	7	10		16
STnc1040	7	8	8	9	0		12		21	7	15	6		5	4		10	14	0	10		16		7	7	9	6	1		2		10	17	13	2		1	9		5	5	0	5		9
STnc6000	-	-	-	-	-	-	-	-	-	-	-	-	-	-	-	-	-	-	-	-	-	-		19	17	15	14	12		15		18	17	29	70		44	27		15	40	12	36		31
STnc6010	-	-	-	-	-	-	-	-	-	-	-	-	-	-	-	-	-	-	-	-	-	-		18	10	74	103	23		13		52	8	27	49		56	71		25	295	191	362		114
STnc6020	-	-	-	-	-	-	-	-	-	-	-	-	-	-	-	-	-	-	-	-	-	-		55	61	50	49	23		72		200	53	87	132		78	53		63	101	36	56		66
STnc6030	-	-	-	-	-	-	-	-	-	-	-	-	-	-	-	-	-	-	-	-	-	-		47	61	119	122	160		28		108	72	68	178		123	104		58	71	37	122		57
STnc6040	-	-	-	-	-	-	-	-	-	-	-	-	-	-	-	-	-	-	-	-	-	-		38	32	23	6	9		33		32	32	23	48		21	23		19	19	2	32		16
STnc6050	-	-	-	-	-	-	-	-	-	-	-	-	-	-	-	-	-	-	-	-	-	-		34	52	42	41	22		57		54	48	54	41		57	59		70	74	9	76		13
STnc6060	-	-	-	-	-	-	-	-	-	-	-	-	-	-	-	-	-	-	-	-	-	-		66	69	53	21	25		78		48	62	34	41		44	46		52	102	12	53		15
STnc6070	-	-	-	-	-	-	-	-	-	-	-	-	-	-	-	-	-	-	-	-	-	-		38	36	29	26	299		24		55	21	24	59		31	21		19	40	59	62		18
STnc3270	64	79	41	50	54		54		187	111	89	161		65	51		102	63	125	189		29		56	58	61	43	30		25		89	69	123	80		54	64		63	55	72	127		48
STnc1700	37	34	55	81	140		82		216	35	50	13		84	130		81	193	58	120		54		40	44	71	89	150		66		106	34	18	11		63	199		70	186	106	193		22
STnc3280	51	32	52	42	11		77		105	72	101	149		66	53		78	88	81	175		33		57	63	48	39	34		38		70	56	152	114		63	40		51	55	41	78		18
STnc4150	10	6	33	36	160		17		73	17	43	48		44	58		35	32	41	131		5		5	14	30	20	74		13		36	9	33	20		40	29		25	38	26	100		11
STnc1060	571	1,095	1,951	3,108	2,469		1,757		3,029	246	1,400	1,806		2,172	1,805		2,006	2,853	2,438	4,033		596		765	926	1,664	1,632	2,113		1,186		2,488	375	1,769	1,795		1,662	1,109		2,012	2,109	2,020	2,812		702
SraA	19	14	21	20	6		22		19	13	20	26		14	26		21	20	11	25		10		12	16	18	11	7		12		7	14	16	21		19	18		12	16	11	14		6
STnc930	64	75	73	58	149		160		75	64	91	173		164	66		102	82	347	149		62		33	40	51	46	93		90		36	52	88	188		141	63		97	98	494	118		55
4.5S	10,682	25,032	14,278	30,343	44,091		15,198		25,575	4,738	30,236	47,332		36,829	21,206		19,415	26,777	25,400	20,094		26,195		32,957	60,153	44,416	15,173	51,654		37,704		79,978	15,691	49,206	59,631		30,911	33,227		28,887	56,681	46,997	34,282		33,644
STnc3130	30	59	94	202	133		37		99	1	66	137		182	131		148	198	153	250		112		49	50	113	166	94		25		98	3	78	135		182	162		125	126	145	193		42
ChiX	52,681	39,032	49,226	71,053	86,437		34,392		47,568	30,504	41,140	53,608		43,033	34,276		87,393	67,610	141,709	175,594		25,183		34,705	34,426	43,752	57,369	87,211		26,947		36,197	40,407	49,460	61,561		39,252	31,753		106,298	67,227	104,263	138,635		10,337
STnc950	27	112	198	403	138		65		68	81	131	415		260	137		166	187	69	356		22		34	59	149	244	131		79		35	66	146	289		326	144		213	177	138	391		31
STnc480	64	196	360	581	341		157		303	209	216	373		310	219		439	309	422	621		12		194	214	456	732	845		166		101	199	324	505		630	363		698	482	558	750		40
STnc1870	8	21	4	3	28		10		9	5	13	4		16	3		9	19	7,372	10		6		9	2	0	3	10		6		4	3	2	2		21	1		3	1	1,285	4		5
STnc3180	10	40	25	53	18		0		32	0	19	14		41	47		13	290	52	34		77		33	40	63	36	26		3		35	3	49	43		38	54		22	189	248	112		58
STnc070	1,313	3,086	2,767	2,056	145		1,069		2,265	1,417	2,736	2,399		4,242	10,098		1,846	3,972	7,686	3,301		1,414		1,805	3,023	2,802	1,517	170		2,521		2,495	2,065	3,915	1,919		7,186	16,443		2,229	2,609	5,818	3,128		504
sRNA10	129	142	197	212	535		121		168	144	180	230		337	192		252	577	284	425		403		107	129	236	236	361		133		148	187	191	195		315	236		355	485	376	774		552
STnc3550	17	21	36	40	21		9		17	11	18	96		54	27		23	77	32	27		11		11	11	20	31	31		6		13	11	10	21		41	15		18	44	35	24		20
SroC	246	1,096	4,994	4,359	3,725		529		681	1,658	1,199	790		199	792		1,435	891	1,604	1,072		1,064		84	521	4,691	3,468	1,374		327		579	663	1,912	593		98	654		1,071	954	1,052	1,140		574
STnc3290	22	23	31	37	33		26		76	30	40	41		35	58		88	145	112	118		84		20	20	24	41	54		12		76	28	28	38		31	49		62	118	129	106		62
STnc3300	38	47	76	89	157		52		184	152	86	269		54	60		77	37	144	149		56		38	62	64	75	80		20		127	107	407	260		44	43		53	52	94	76		20
sRNA9	1,147	795	587	285	38		837		1,299	641	591	227		297	553		712	396	630	526		561		598	532	419	260	26		638		886	581	453	187		324	389		503	343	239	243		470
RybD	253	1,388	4,001	3,766	302		1,154		929	1,640	1,651	2,448		888	1,485		1,573	834	1,464	1,780		263		138	743	3,879	3,108	260		1,118		379	856	1,021	1,499		785	1,404		1,119	791	873	638		187
STnc3340	54	86	28	25	4		49		447	80	102	48		32	62		71	26	88	119		38		39	66	38	25	23		21		222	55	53	35		32	52		48	31	52	50		21
STnc980	50	46	22	25	46		27		95	66	77	28		67	119		16	28	92	128		57		26	18	16	18	19		21		32	42	10	16		34	44		8	20	26	35		36
RybA	524	314	817	664	2,689		583		3,812	746	507	76		218	1,244		278	1,391	7,366	2,258		2,044		188	223	355	440	1,935		165		2,310	168	185	334		154	827		142	1,011	4,553	692		3,718
STnc1200	438	1,034	813	2,681	165		553		958	60	1,192	1,463		1,352	1,230		1,251	1,395	1,469	1,582		744		1,028	1,695	2,232	2,320	308		812		1,956	128	1,974	2,488		2,000	1,973		1,619	2,630	3,292	2,346		875
STnc1710	76	72	109	224	841		137		197	43	100	118		154	164		108	88	335	231		84		72	101	119	160	634		130		131	86	71	117		135	100		76	133	325	168		98
RybB	441	565	401	275	5,091		635		1,298	598	295	721		1,163	266		512	753	781	1,137		1,588		352	391	237	381	4,903		375		1,579	347	459	1,149		899	275		592	1,190	1,805	1,193		7,804
STnc490	0	0	0	0	0		0		0	0	0	0		0	0		0	0	0	0		0		0	0	0	0	0		0		0	0	0	0		0	0		0	0	0	0		0
STnc3310	190	188	151	128	153		187		176	186	153	184		205	182		171	182	144	288		94		160	168	159	121	139		166		131	214	128	126		206	155		152	204	169	250		98
STnc3330	0	0	10	29	8		0		0	14	4	177		28	1		0	1	10	2		6		2	2	7	26	9		1		7	12	58	116		30	3		4	1	11	6		7
STnc3350	70	68	45	54	19		84		27	66	61	85		39	64		106	103	81	167		6		56	61	44	53	16		51		18	30	36	80		23	34		71	24	13	66		8
STnc4200	113	160	102	48	32		206		204	111	157	227		137	102		144	115	171	310		66		78	98	87	52	32		163		127	97	162	122		144	79		110	217	155	186		169
IsrB-2	0	2	7	3	0		1		7	9	8	7		7	7		1	0	0	0		0		0	0	0	0	0		0		0	0	0	0		0	0		0	0	0	0		0
IsrB-1	359	428	492	1,012	134		421		810	51	454	418		456	409		1,219	529	782	662		334		0	0	0	0	0		0		0	0	0	0		0	0		0	0	0	0		0
STnc1080	1,175	1,046	1,044	1,871	164		1,265		1,708	113	1,265	980		1,337	1,548		3,291	1,697	2,121	2,119		1,515		685	1,347	1,191	440	47		653		1,747	145	781	740		686	647		1,428	1,713	1,224	1,278		1,067
STnc3390	11	0	8	8	1		3		14	8	7	48		34	9		9	21	15	32		16		8	8	5	10	4		11		11	7	21	124		10	6		6	21	8	23		62
STnc1880	238	132	151	67	45		326		234	135	166	240		159	129		100	91	129	211		92		150	170	106	93	45		257		144	137	138	124		133	98		51	153	82	117		71
STnc3400	18	19	27	28	29		20		59	17	25	9		33	44		21	77	17	29		29		24	14	22	25	35		8		29	15	18	3		18	11		16	34	37	40		33
STnc500	121	161	3,270	986	590		95		207	169	170	656		4,268	1,865		458	265	381	490		182		83	93	1,996	652	450		46		125	94	140	426		2,870	614		291	245	251	231		166
STnc3040	9	20	22	20	83		18		105	12	20	40		19	29		18	11	47	85		8		10	14	15	18	52		19		86	13	24	27		24	20		15	21	33	62		13
STnc840	539	678	886	1,261	447		311		1,919	294	369	979		1,006	748		1,779	107	1,203	1,755		64		144	362	671	1,075	364		196		662	243	363	681		810	684		244	25	23	28		20
SraB	819	721	658	298	42		474		333	360	540	611		842	687		538	663	247	713		254		552	467	514	305	89		448		300	380	369	129		792	531		530	413	290	532		152
STnc1090	37	35	44	26	13		27		70	56	65	86		66	57		56	61	30	115		64		37	34	43	50	33		17		60	51	72	80		69	65		54	60	40	84		64
STnc850	98	94	221	490	4,194		194		1,190	162	164	155		160	475		219	340	300	345		180		97	140	308	369	2,834		161		1,406	242	122	175		196	425		258	382	608	406		310
STnc3410	104	328	264	290	112		145		178	89	320	390		503	314		223	589	281	412		65		225	283	275	242	67		228		198	93	365	181		466	348		323	339	379	605		47
STnc150	46	34	48	56	68		102		98	62	63	53		75	58		59	161	65	98		281		21	37	45	47	61		53		57	44	45	35		60	56		38	254	88	149		334
IsrC	4	1	7	7	6		4		23	5	2	10		8	17		6	11	7	7		19		6	4	9	7	11		4		17	5	2	3		11	17		6	7	7	5		44
STnc3420	5	12	25	16	39		16		26	21	10	33		25	15		20	12	23	33		16		7	6	14	22	42		7		24	19	22	28		22	15		6	24	19	31		56
STnc520	259	515	1,625	4,305	60		337		863	421	761	726		3,046	5,038		441	502	650	414		283		1,190	989	6,317	5,567	86		508		1,128	431	807	824		3,255	8,496		463	496	583	391		664
STnc1760	57	61	56	65	172		48		36	24	73	107		96	66		39	58	134	76		15		34	57	42	52	109		50		39	24	53	101		77	42		26	42	81	56		20
STnc1210	228	468	215	771	636		453		903	20	731	752		306	299		271	346	205	684		336		597	665	499	295	793		583		1,390	38	1,121	1,066		343	366		419	242	316	437		83
STnc1990	217	191	272	124	96		289		540	382	282	226		151	249		216	204	152	434		68		141	190	184	128	78		174		248	288	214	122		110	139		121	183	57	239		108
STnc3430	116	72	80	77	57		34		155	124	114	128		98	101		58	208	136	180		154		117	152	78	76	39		28		182	128	182	339		90	123		105	139	156	100		792
IsrD	0	0	0	0	0		0		0	0	0	0		5	0		0	0	0	1		1		1	1	0	1	2		2		0	0	0	2		0	0		3	3	0	2		1
STnc3440	32	31	114	69	268		19		61	72	40	38		65	118		71	263	21	172		55		37	42	126	118	372		17		75	61	66	16		70	115		107	211	34	424		20
RyhB-2	165	108	21	30	7,617		101		112	771	3,279	39		23	45		212	12	3,127	307		2,848		77	86	25	18	2,947		178		461	94	3,398	56		16	55		158	13	1,851	331		2,020
STnc1480	12	15	75	297	31		22		61	11	17	51		84	61		39	1,055	222	65		3,496		14	10	95	293	30		13		29	14	10	30		82	82		27	437	383	438		2,178
STnc1640	26	155	394	1,064	1,229		114		279	28	149	517		712	472		135	209	115	204		182		75	152	515	675	676		130		601	65	251	314		799	522		240	252	313	272		136
STnc2010	29	39	102	131	51		35		43	71	52	68		120	89		87	88	41	160		55		34	56	92	133	68		30		28	65	37	66		132	90		61	75	44	126		66
STnc3570	287	271	210	190	27		200		292	187	437	469		353	178		224	442	538	484		131		192	246	161	157	20		280		214	235	395	362		254	153		215	201	407	216		167
STnc3460	194	154	104	64	68		168		153	156	99	65		88	97		97	61	189	121		112		146	171	89	47	55		133		133	147	62	87		62	64		76	124	142	85		113
STnc4210	17	24	721	2,486	2,362		19		125	18	58	75		1,409	2,158		114	397	215	442		236		99	44	1,950	3,762	605		25		158	20	49	41		1,045	2,840		148	136	242	429		180
STnc540	285	322	398	974	313		303		404	299	369	465		629	512		351	830	342	466		408		965	863	1,165	1,599	529		964		1,418	960	900	300		1,430	1,760		1,228	845	519	1,470		810
RprA	276	752	1,334	3,624	27,330		1,780		15,522	2,241	670	980		1,576	2,377		3,983	1,557	2,227	2,018		272		524	718	1,805	3,083	23,003		918		12,066	2,244	873	2,087		2,069	2,136		3,774	2,641	2,726	1,904		2,644
RydB	132	161	258	524	118		186		99	32	275	328		741	246		641	637	462	753		591		255	317	369	356	262		283		179	87	304	229		664	428		1,238	1,521	727	1,114		236
STnc1220	2	0	11	33	337		0		105	13	5	13		14	16		5	17	18	74		5		2	0	14	37	288		0		105	2	4	31		13	10		4	20	37	64		14
STnc4220	578	769	620	589	83		646		328	298	749	271		267	640		1,031	993	581	248		149		394	386	248	468	29		374		137	223	233	77		105	280		785	353	183	106		122
STnc3500	7	7	17	30	59		15		59	21	13	42		46	22		19	35	83	66		14		9	17	16	18	45		13		47	13	28	12		29	14		14	11	37	48		24
STnc3510	30	35	114	67	44		25		62	54	74	82		71	91		83	68	29	76		19		44	65	91	57	29		31		36	40	56	32		54	71		64	25	12	31		17
STnc3480	67	78	66	35	7		220		28	31	60	32		22	38		29	24	14	24		17		46	63	45	27	10		320		24	38	26	14		24	28		33	19	8	20		14
MgrR	6,485	5,245	7,104	7,855	6,669		8,176		6,827	6,568	5,041	4,828		6,610	4,141		12,567	11,855	13,816	12,204		6,409		4,484	5,195	5,708	5,214	4,718		7,241		7,727	7,811	5,824	6,882		6,335	4,740		14,122	12,090	12,500	11,863		8,548
STnc2170	88	75	41	31	31		61		316	395	152	126		74	44		70	50	73	288		59		83	100	50	41	50		38		258	916	134	115		120	51		67	66	71	233		32
STnc3530	88	70	85	50	7		76		104	117	89	29		15	84		128	93	47	55		41		62	89	69	46	14		44		41	81	52	38		22	60		80	74	41	29		94
IsrF	6	19	13	12	2		20		16	20	20	18		21	14		16	17	12	15		15		9	7	13	9	3		18		18	11	11	20		17	15		12	14	13	8		8
STnc3540	93	90	174	197	14		47		43	125	191	123		172	155		142	203	65	81		97		92	112	165	278	11		65		62	154	163	97		145	150		158	143	83	104		125
STnc1110	202	210	368	635	864		241		262	186	223	169		401	494		280	268	121	312		82		99	136	288	417	564		142		236	111	131	102		330	353		100	162	87	325		64
RyjB	260	392	548	1,218	800		275		460	121	450	744		1,048	889		1,017	1,985	1,037	1,138		1,618		369	317	704	866	416		235		596	82	447	897		1,103	1,197		1,176	1,101	1,139	1,755		1,363
RydC	8,276	7,979	5,813	8,984	7,519		2,923		8,159	6,360	6,818	10,982		3,760	2,892		26,718	8,684	28,519	33,512		3,748		14,943	10,196	6,722	8,334	7,866		3,332		7,903	6,930	12,868	13,434		4,569	3,240		27,326	11,196	16,033	19,032		1,828
MicC	91	79	100	229	104		110		109	59	71	54		141	284		248	141	66	120		111		42	84	109	135	51		99		87	53	70	57		78	173		88	88	56	82		113
FnrS	24	30	87	2,368	13		54		61	95	40	15,240		16,395	120		61	46	32	102		117		33	56	107	1,662	30		53		59	85	64	9,540		10,092	70		63	70	20	105		131
STnc2030	3	7	11	33	940		11		50	4	5	5		14	20		10	8	5	23		10		7	6	19	104	2,448		13		21	12	7	8		14	33		10	17	7	15		28
STnc1270	586	482	658	280	41		622		516	572	554	397		708	433		335	536	212	336		191		400	563	435	260	44		518		352	576	430	118		645	331		298	637	240	298		230
STnc3580	56	34	94	72	132		35		193	51	92	199		144	51		109	47	179	218		23		63	56	69	71	135		52		104	49	48	113		104	40		119	33	52	58		41
STnc3600	12	11	12	18	20		3		128	18	17	15		18	18		72	27	115	93		11		7	8	9	23	14		3		39	26	21	7		14	13		62	10	50	166		8
STnc2040	10	24	34	1,169	190		16		26	33	40	4,225		119	60		59	82	70	165		223		89	96	243	7,690	387		24		35	63	59	10,814		140	85		68	106	86	459		127
STnc3610	57	31	48	29	45		28		92	39	44	45		32	42		132	103	46	132		16		18	28	36	24	28		18		57	39	41	42		31	38		61	52	17	48		17
STnc3620	19	17	96	103	54		23		137	68	53	60		76	113		19	45	31	52		18		17	24	110	75	33		9		89	48	53	50		47	42		12	30	20	50		35
STnc3630	12	15	85	430	54		24		52	35	24	717		1,011	106		36	82	122	159		20		19	29	99	220	57		9		64	40	80	446		590	108		42	54	99	103		37
STnc1130	45	41	47	47	16		38		96	65	37	46		54	42		88	89	56	166		47		32	33	24	34	15		27		42	36	22	64		54	28		41	86	75	93		75
STnc3640	11	19	47	39	30		26		38	17	29	37		37	44		39	42	49	137		20		-	-	-	-	-	-	-	-	-	-	-	-	-	-	-	-	-	-	-	-	-	-
SraC	123	145	408	478	179		226		461	168	275	154		251	623		488	749	1,917	1,900		393		100	160	394	303	127		277		751	233	883	142		290	603		520	914	1,241	1,398		439
SdsR	1,085	767	2,138	7,075	174,020		1,445		2,059	1,334	878	2,099		4,230	2,445		1,670	5,289	2,148	2,336		1,618		777	1,112	2,683	5,754	126,629		1,251		1,340	1,463	931	1,812		3,855	3,887		2,012	7,210	4,656	9,852		3,722
STnc1690	128	269	260	689	536		97		317	8	258	334		202	244		761	366	334	434		267		258	409	487	351	675		101		813	17	321	773		171	264		952	650	609	480		31
STnc200	90	152	104	109	78		90		107	168	197	295		148	107		149	168	168	152		51		96	101	89	119	60		101		83	170	240	160		149	142		151	95	171	204		43
RyeF	25	24	19	22	216		21		91	33	23	28		74	29		42	64	20	30		564		18	17	22	37	147		16		112	27	38	43		65	33		38	96	49	88		2,202
STnc2180	5,003	3,797	4,334	544	2		9,867		10,614	1,462	1,679	1,770		1,456	1,935		4,223	1,221	142	1,736		298		7,857	7,428	4,442	1,028	31		14,581		6,594	2,676	1,028	758		3,971	3,514		4,298	4,339	397	1,743		187
DsrA	528	1,455	1,594	1,872	943		1,129		3,269	880	1,394	3,989		1,690	923		2,198	1,637	2,406	6,431		166		783	1,000	1,687	1,665	926		1,036		2,753	928	1,959	4,009		2,030	1,210		4,381	1,787	1,551	4,076		173
RseX	7	6	16	10	7		4		33	7	4	7		4	6		18	8	15	15		5		5	3	11	14	6		8		15	8	4	7		1	6		24	8	7	8		21
STnc1280	234	569	1,035	3,111	3,701		398		554	255	786	1,798		1,539	1,218		2,436	7,682	2,445	2,238		4,562		439	607	1,522	3,108	3,329		434		1,088	282	1,080	1,379		1,864	1,969		3,275	6,696	6,298	4,122		2,871
STnc1290	5,518	6,203	5,062	8,137	17,078		5,772		8,746	361	6,431	6,568		7,543	7,513		14,964	17,740	11,161	11,283		15,611		7,511	5,601	6,434	8,516	17,141		3,971		9,214	493	6,041	7,495		8,165	6,473		13,955	14,642	13,439	11,872		7,514
STnc1300	1,590	1,406	1,098	2,379	406		1,716		2,562	213	1,697	2,214		2,539	2,671		6,463	4,422	4,376	4,789		2,932		1,073	1,329	1,819	1,294	246		916		2,478	149	1,676	2,197		1,931	2,061		4,384	3,086	3,333	3,097		958
STnc1310	137	224	396	520	47		80		519	438	184	505		560	302		423	211	651	1,070		42		205	170	335	469	165		44		281	234	200	510		272	208		909	1,134	2,249	2,373		105
STnc2050	1,063	1,741	569	149	5		1,875		1,541	796	993	241		104	286		921	230	17	60		46		6,801	9,918	2,812	507	54		14,013		3,415	4,173	2,958	1,163		1,239	1,130		2,964	1,597	70	440		98
STnc3680	191	250	152	156	36		203		124	77	206	139		146	134		92	131	71	104		78		84	126	105	80	25		195		103	66	123	48		104	94		85	79	48	65		62
STnc1530	17	39	35	69	112		20		48	13	30	72		94	67		30	93	67	140		22		9	19	24	36	53		18		39	9	69	127		48	39		27	38	56	103		11
STnc3700	52	29	24	70	38		28		90	28	35	100		63	32		79	105	156	146		25		26	24	24	26	22		13		79	18	43	55		30	22		46	57	92	93		29
STnc1650	45	60	58	99	66		46		56	31	61	108		131	80		64	84	104	167		19		36	43	52	50	51		34		47	36	58	64		83	46		40	56	86	99		24
STnc700	1,729	1,407	1,596	1,445	318		1,444		2,441	1,158	1,713	2,771		1,810	1,344		3,058	3,148	2,454	3,842		671		869	1,228	1,281	912	211		938		1,726	1,234	2,206	1,733		1,295	1,115		2,147	3,373	1,038	1,828		733
STnc1320	73	120	88	133	81		67		135	60	130	258		167	130		101	138	261	280		18		81	90	95	92	72		66		119	78	101	224		138	88		69	100	152	111		24
RyeC	707	1,433	2,889	6,741	1,880		463		2,539	149	2,272	4,101		4,680	3,487		3,597	5,142	4,222	3,219		4,429		1,247	1,518	4,615	3,682	578		709		2,035	225	2,400	2,134		4,492	4,457		3,242	3,662	3,368	2,562		2,827
STnc1150	325	402	505	466	213		146		422	589	421	316		244	401		741	727	1,026	820		240		218	407	442	432	233		101		215	519	365	415		189	382		500	1,049	967	748		345
CyaR	426	2,519	12,860	16,653	779		1,243		1,214	4,989	1,397	11,694		5,820	862		3,634	452	1,978	1,048		3,374		451	1,889	10,601	12,000	725		517		760	2,233	4,656	7,388		3,228	678		2,653	473	466	182		1,595
STnc740	78	55	76	114	160		80		287	104	96	88		69	74		181	97	177	251		75		85	90	82	124	134		65		176	105	93	132		80	74		129	163	193	295		70
STnc1890	29	73	73	162	1,692		26		101	17	81	81		77	86		77	183	359	364		30		31	33	39	51	283		26		43	29	51	52		42	42		48	48	61	165		13
STnc3720	11	17	29	77	68		8		45	13	29	71		49	39		16	55	52	125		8		4	9	29	34	34		7		69	7	36	44		48	33		13	38	59	99		19
STnc1330	70	73	310	571	1,018		140		1,627	222	120	279		389	332		205	473	484	1,743		302		27	33	174	313	503		31		951	85	88	103		319	159		100	332	404	1,013		412
STnc3010	152	138	207	113	17		200		197	209	176	239		192	159		202	154	140	239		90		82	126	166	120	11		141		138	161	143	209		153	126		138	185	67	138		90
STnc1340	261	80	173	1,354	214		108		199	136	154	1,385		630	124		130	153	334	179		119		96	120	158	677	119		69		122	92	138	3,678		427	83		99	202	297	120		253
STnc1540	137	292	226	474	236		148		345	62	322	417		373	269		432	351	160	349		57		379	441	573	414	283		163		748	72	491	528		488	396		485	538	384	456		49
IsrG	7	7	4	2	0		2		2	2	7	1		3	9		5	7	0	2		3		6	2	5	2	4		0		1	2	3	2		2	4		3	2	0	2		3
MicF	654	992	939	323	1,547		975		2,114	3,822	2,257	3,332		3,252	1,155		60	338	687	592		928		1,515	1,524	708	439	940		1,121		1,636	5,629	2,717	1,232		2,350	1,144		170	1,299	781	1,797		1,588
IsrH_1_2	3	1	2	6	13		1		11	1	2	5		2	4		3	80	25	25		54		2	2	1	6	22		2		7	1	2	2		2	2		2	39	39	71		26
STnc1550	84	88	261	225	119		54		133	99	81	182		164	99		116	51	105	122		48		60	111	197	151	52		16		395	105	162	47		148	93		101	28	42	44		34
STnc1560	333	1,476	503	513	394		527		1,159	401	1,401	1,646		991	543		352	1,103	652	531		143		1,185	1,638	592	403	365		670		1,355	514	1,868	1,990		948	755		414	649	890	715		32
STnc3730	8	18	31	38	25		11		36	27	21	29		23	30		57	153	83	60		128		13	19	34	24	16		16		30	28	27	31		27	21		49	82	58	47		121
STnc3740	35	54	79	189	1,108		50		126	24	73	207		180	177		144	288	203	367		125		51	89	155	166	488		53		133	14	109	189		224	189		146	289	307	529		117
STnc3750	6	7	46	63	172		14		107	25	14	32		49	65		33	196	53	114		588		48	45	197	453	107		33		228	122	50	51		180	204		99	566	320	527		5,593
tpke70	7	8	10	9	6		8		15	14	9	13		9	15		12	11	4	18		16		10	9	12	14	8		8		15	16	16	36		16	16		16	14	11	35		13
STnc3760	42	65	52	59	21		34		105	45	106	233		170	71		71	65	181	148		29		52	62	68	57	13		49		135	59	164	164		160	78		53	81	137	92		25
STnc2070	1,337	817	686	812	293		1,651		2,152	426	1,214	846		974	1,388		680	1,468	1,038	1,736		1,043		537	1,003	843	646	320		734		2,457	811	729	1,015		1,289	901		824	2,847	2,860	2,377		703
RyfA	91	115	142	172	24		53		108	164	177	204		301	194		107	351	348	198		315		114	121	128	133	31		62		156	177	160	243		312	262		131	243	377	262		278
GlmY	2,505	2,714	1,833	2,149	1,608		1,416		2,984	316	3,053	1,417		2,579	3,540		6,045	7,378	3,022	1,595		10,336		1,837	2,360	2,616	1,422	1,605		1,630		4,212	414	1,256	783		2,473	3,642		4,841	6,386	4,098	1,219		4,134
STnc1380	186	365	255	710	17		396		669	39	519	643		734	682		489	660	551	521		296		548	542	657	583	17		446		745	40	634	946		912	705		631	881	977	946		317
STnc3770	79	89	37	60	15		146		141	42	88	121		74	60		86	88	66	139		38		24	37	27	25	16		82		93	7	102	91		46	25		41	54	62	47		15
STnc1920	90	70	134	189	126		66		144	115	76	194		126	104		185	138	111	259		150		77	88	126	142	115		39		102	104	88	141		159	90		113	305	374	327		534
IsrI	19	14	32	29	30		28		37	12	15	24		29	37		15	26	21	65		58		16	11	26	22	26		14		32	7	12	20		31	19		14	30	26	66		48
STnc2080	328	353	679	1,699	8,719		282		617	315	375	732		996	562		880	2,107	1,697	1,954		657		524	537	887	990	8,798		414		706	316	422	778		815	747		1,032	2,510	2,003	2,520		554
IsrJ	1,102	1,160	932	585	2,431		902		2,519	804	1,206	1,143		960	1,422		933	1,010	2,133	1,675		377		612	988	750	334	963		547		1,624	757	626	830		622	638		486	553	1,238	822		519
STnc1160	3,545	4,260	2,981	9,397	33,404		3,142		5,097	407	6,294	4,725		6,160	5,470		9,713	12,582	8,787	6,612		8,560		5,768	6,673	6,915	3,186	28,869		3,150		8,376	720	5,798	5,823		5,055	5,060		8,991	13,596	13,289	8,669		3,296
IsrK	685	877	698	528	178		515		734	198	1,358	521		485	897		719	1,737	358	704		426		1,113	1,531	1,245	296	112		730		1,297	391	1,433	330		641	919		895	1,296	685	1,018		335
STnc1390	962	2,519	1,485	3,854	1,423		1,411		3,042	336	2,752	2,399		2,287	2,189		2,217	1,990	4,137	3,338		679		2,769	2,502	2,291	1,346	521		1,363		3,789	350	2,771	2,064		2,054	1,501		1,518	1,519	2,977	1,797		292
STnc1400	638	1,611	1,134	1,136	52		759		1,036	99	1,674	797		854	772		979	1,093	1,271	912		275		-	-	-	-	-	-	-	-	-	-	-	-	-	-	-	-	-	-	-	-	-	-
STnc3160	41	70	246	129	576		63		78	89	105	280		195	103		77	128	30	191		42		63	92	302	101	500		61		159	88	236	101		196	125		202	50	27	475		18
STnc2090	19	124	373	2,833	3,027		100		772	748	485	36,246		15,388	342		252	413	5,238	1,436		3,709		40	101	674	1,879	2,330		52		2,096	323	3,338	36,916		14,391	775		183	237	2,476	2,949		882
sRNA3	315	397	414	674	167		585		1,301	616	589	730		648	517		897	683	882	1,989		550		284	366	429	392	134		367		902	579	664	472		686	450		710	1,306	633	903		1,287
STnc3790	21	8	17	10	39		17		58	20	11	44		46	29		21	18	101	83		6		7	9	10	14	22		3		81	13	29	59		42	21		10	15	74	40		17
STnc3800	109	134	117	74	169		71		265	143	191	207		103	118		102	160	320	257		80		-	-	-	-	-	-	-	-	-	-	-	-	-	-	-	-	-	-	-	-	-	-
STnc4230	208	252	217	125	28		538		115	301	316	89		164	183		229	187	68	211		60		274	278	210	142	30		679		78	236	284	57		181	217		283	316	95	267		86
IsrL	17	9	22	14	1		3		12	22	14	17		16	16		17	12	7	17		23		10	9	11	11	5		3		14	14	16	9		12	11		12	10	6	9		14
STnc3070	109	183	119	352	367		98		559	341	315	921		365	162		177	149	714	560		88		143	213	150	346	387		76		478	236	769	2,216		374	185		136	165	758	263		85
IsrM	3	1	2	1	0		2		4	1	3	5		4	2		2	3	1	3		7		2	1	0	2	3		2		3	2	2	10		2	2		2	2	1	2		4
IsrN	0	0	1	0	0		1		1	1	0	0		1	1		0	0	0	0		1		4	0	0	2	5		0		0	0	0	0		0	0		0	0	0	1		1
STnc3080	18	25	3	0	48		5		46	118	541	16		6	4		12	1	131	29		204		8	7	0	1	36		16		152	11	530	10		2	7		13	1	129	7		104
MicA	814	817	360	1,060	20,846		661		12,678	693	571	4,417		12,236	639		395	2,397	3,826	3,152		5,793		789	912	524	1,561	11,590		814		14,499	758	3,258	8,322		7,384	1,043		1,019	5,020	22,234	5,987		23,746
C0664	3	0	1	0	0		3		8	0	1	5		2	2		2	1	1	131		3		4	2	3	4	5		2		6	2	9	8		3	2		6	3	2	12		4
STnc4240	475	373	288	87	26		667		473	317	426	233		146	190		257	95	12	150		53		275	353	199	87	23		369		278	342	162	149		188	113		199	153	9	84		42
STnc3020	9	17	8	8	8		8		38	7	17	25		11	5		16	255	90	74		19		17	9	4	8	7		3		16	9	28	12		11	6		12	142	95	195		20
STnc1410	51	45	55	51	468		67		179	51	63	95		82	52		56	35	95	121		39		31	44	31	45	300		36		89	40	59	188		61	32		39	46	55	43		54
InvR	802	976	9,502	34,738	11,163		926		1,826	1,184	1,066	1,127		11,944	18,591		1,990	234	1,490	1,978		80		838	682	14,302	22,970	10,210		514		853	558	641	1,046		6,288	16,432		1,468	488	1,055	715		206
STnc3140	117	61	53	91	213		50		308	68	74	47		22	55		3,086	1,526	108	288		40		98	51	37	197	161		42		55	79	51	28		28	49		3,824	2,979	518	2,576		28
CsrB	4,250	6,987	7,090	7,782	782		8,578		3,637	3,572	7,814	10,230		9,038	5,192		4,550	565	2,959	3,977		931		3,426	7,285	8,216	6,527	671		5,831		5,667	1,494	7,271	7,878		9,452	5,506		3,627	1,411	1,934	1,188		679
GcvB	14,928	25,702	15,437	6,045	93		27,375		3,693	41,237	13,859	21,450		33,798	19,397		50	46	372	182		615		12,952	26,190	11,336	5,409	115		21,703		2,497	28,799	17,380	13,597		29,090	16,197		42	34	121	25		2,656
STnc3830	57	44	62	67	80		88		260	85	59	213		36	46		49	37	294	114		27		44	47	36	58	59		58		238	110	213	173		56	23		38	30	118	67		23
OmrA	494	517	896	649	1,903		775		1,513	1,515	1,041	1,382		1,238	501		164	739	951	558		972		1,125	900	1,058	688	1,863		1,103		1,254	3,446	2,009	952		1,577	814		284	3,381	3,368	2,436		2,677
OmrB	1,822	2,021	3,234	1,043	414		2,311		5,581	4,972	4,389	4,941		1,750	869		257	2,760	3,613	1,700		4,207		3,676	3,443	4,131	1,919	732		3,175		5,259	13,081	9,970	2,423		4,692	2,194		1,293	23,451	26,872	14,549		8,263
STnc290	307	387	855	1,522	848		165		823	311	455	947		614	350		1,059	571	1,530	1,689		246		371	422	967	1,340	1,171		270		683	302	796	551		801	493		1,386	661	852	1,249		199
IsrO	76	66	57	35	35		64		125	68	76	75		50	62		31	34	28	48		53		37	25	32	39	44		30		63	60	41	61		47	27		18	24	17	35		27
SsrS	19,754	37,713	35,006	60,918	99,032		24,466		52,609	1,936	38,400	71,037		62,906	40,671		33,466	48,716	46,364	43,936		43,571		26,778	37,205	41,639	40,582	158,232		31,026		45,326	3,894	42,343	59,066		64,520	52,325		25,285	44,301	50,606	41,179		33,941
RygC	1,696	2,665	3,894	5,887	4,242		645		1,388	373	3,545	1,863		4,139	6,400		5,983	7,898	2,471	4,998		4,390		2,242	2,962	6,279	3,706	1,136		717		1,502	580	3,644	966		3,349	5,553		5,583	7,858	2,267	3,712		3,571
STnc3030	68	71	169	94	28		128		46	197	65	133		47	31		61	48	23	33		70		35	88	129	53	23		69		117	181	189	53		43	28		45	50	22	33		20
STnc750	501	669	665	465	818		624		343	683	574	527		506	594		210	542	331	456		171		442	466	578	418	568		345		343	426	469	591		485	396		330	360	388	543		190
STnc3150	12	37	9	15	6		35		106	73	76	66		18	19		19	44	27	71		32		18	27	6	12	7		24		64	34	37	51		16	10		14	31	19	45		24
STnc3850	42	52	55	35	6		110		28	57	79	70		29	28		32	36	20	41		13		36	52	35	30	6		107		41	57	81	28		32	23		25	46	9	25		9
STnc3860	40	36	41	59	121		27		111	47	66	113		60	44		26	17	95	57		23		27	30	33	52	136		15		114	56	96	276		40	36		34	49	89	84		28
STnc3870	6	23	23	58	94		26		86	21	15	93		79	46		55	53	132	136		5,030		24	15	40	95	64		31		113	23	122	144		1,286	181		49	75	105	110		5,695
STnc3880	7	14	158	144	42		11		73	79	28	23		15	34		67	52	109	273		57		9	22	102	68	22		6		109	37	276	20		21	29		61	40	79	133		25
STnc1170	11	2	26	185	14		3		31	11	16	377		534	49		15	17	5	31		79		5	3	15	139	19		4		26	7	9	298		517	25		10	14	10	18		118
STnc3890	94	88	131	245	200		93		406	39	193	98		107	128		190	313	642	844		37		62	73	81	64	46		68		648	68	431	173		99	91		173	93	336	304		17
STnc1820	283	218	180	111	238		247		755	114	282	319		249	181		112	111	655	232		54		203	347	158	100	169		213		491	126	180	317		182	118		97	90	402	130		44
STnc3920	1	2	0	2	646		1		10	1	3	1		2	2		1	3	5	2		2		3	2	1	2	224		4		10	0	0	1		0	0		1	0	4	3		1
SroG	566	596	452	294	10		824		464	471	707	564		568	300		496	488	184	259		602		695	913	657	465	26		1,013		1,007	968	1,005	519		589	711		723	954	331	303		1,000
STnc1420	41	135	152	142	48		69		81	43	88	267		179	61		102	126	195	145		84		178	78	56	189	144		110		97	46	116	122		186	81		82	65	108	95		240
RygD	2,296	3,184	3,749	8,013	4,624		882		3,657	416	4,914	4,713		6,935	6,602		7,195	7,148	6,366	6,033		8,059		2,087	2,491	5,019	3,839	1,036		621		2,960	839	4,190	2,032		4,821	5,551		3,984	6,018	6,377	4,452		3,532
SraF	1,208	1,270	1,930	1,577	453		1,537		3,058	382	1,403	452		436	1,411		1,833	523	220	1,113		337		591	882	1,364	870	365		1,376		2,028	547	1,154	278		418	954		1,958	326	89	476		200
STnc310	15	19	78	19	70		18		164	25	26	7		2	69		14	29	151	253		5		12	16	30	9	67		13		131	11	128	7		10	24		18	13	70	88		14
SraG	2,522	1,770	1,540	945	140		3,324		1,352	2,231	1,984	859		945	1,138		1,764	1,040	372	1,400		650		2,767	2,954	1,843	1,000	123		4,542		1,565	2,685	1,626	610		1,009	1,099		1,943	2,073	512	893		836
STnc3950	76	82	45	37	33		32		84	34	83	96		59	53		30	46	62	93		23		27	30	28	19	26		25		41	32	48	49		31	18		16	21	33	33		13
STnc1660	221	235	244	151	18		232		379	152	190	124		116	245		275	69	34	57		368		300	219	208	188	34		270		261	212	130	169		166	285		264	88	36	69		241
STnc3960	56	61	66	44	61		69		87	61	109	108		114	105		72	66	76	122		23		69	91	94	43	30		68		60	82	104	44		79	123		66	43	47	74		17
STnc3970	100	182	117	150	30		45		151	30	245	318		242	112		106	253	386	507		24		201	168	119	77	46		141		217	63	261	190		184	71		216	125	375	419		29
ArcZ	3,731	4,024	21,037	34,984	58,540		6,095		10,017	16,633	6,533	11,472		11,929	7,526		15,990	14,878	17,520	21,946		2,669		3,021	2,887	12,374	18,228	43,377		3,254		3,316	6,049	6,946	8,753		9,313	4,471		11,934	9,200	12,145	11,968		1,854
STnc3060	55	86	46	62	12		66		337	153	159	98		77	64		104	61	88	136		61		54	88	59	52	17		65		314	145	135	143		53	61		74	91	69	93		36
STnc3050	21	41	38	117	64		18		75	9	39	68		65	52		94	215	141	92		259		37	49	62	72	40		19		73	6	46	78		40	45		71	165	161	100		166
STnc2100	45	37	15	21	5		96		77	50	27	31		38	44		34	35	47	149		35		39	25	24	20	19		73		58	138	36	52		51	37		29	53	56	130		25
STnc3990	69	60	61	54	24		60		133	107	82	67		66	79		51	51	54	126		38		39	67	43	33	14		32		72	93	66	55		49	36		22	49	55	82		34
STnc1670	3	2	19	97	10		3		16	43	1	440		173	6		5	5	59	14		46		1	1	10	93	12		1		13	15	67	1,457		116	9		4	14	28	13		145
STnc4000	117	76	12	9	236		38		100	324	535	7		6	39		76	8	338	65		46		70	68	18	17	146		62		217	67	438	7		11	41		52	29	266	55		70
STnc1590	1,392	1,810	1,551	1,708	846		1,779		3,827	813	2,497	2,278		1,885	1,586		2,064	1,779	992	2,133		1,083		1,642	1,770	1,347	977	378		1,622		3,867	773	1,950	1,000		1,786	1,130		1,679	1,220	767	1,371		403
STnc340	32	12	28	19	48		38		62	16	30	21		15	13		17	19	21	23		10		49	39	26	13	20		45		31	22	20	10		12	23		16	22	20	15		5
STnc760	72	87	159	187	30		86		193	167	123	146		152	226		274	2,142	3,589	3,362		157		49	81	156	171	23		45		107	132	192	130		93	175		148	1,881	2,079	3,261		159
STnc4010	6	6	12	19	80		4		91	5	9	18		26	31		6	5	18	32		8		0	2	8	13	33		1		81	4	10	20		11	6		2	5	7	23		5
RyhB-1	204	100	34	27	3,508		64		43	1,102	20,042	56		24	27		101	24	16,361	856		5,012		189	133	28	27	894		430		534	164	8,688	66		14	74		352	26	2,686	1,277		2,011
STnc1830	13	12	21	19	15		9		67	7	16	21		14	21		44	56	76	161		11		11	10	15	18	17		1		51	6	11	11		12	17		40	42	48	80		9
sRNA12	0	2	11	20	47		9		16	1	10	20		11	18		4	14	10	34		23		1	4	16	16	36		1		12	2	6	12		21	17		2	9	15	32		10
STnc770	244	220	314	480	182		150		701	317	204	901		742	293		205	159	352	282		125		171	222	244	441	89		94		388	234	168	1,179		536	210		123	204	240	160		125
STnc350	125	92	100	90	21		93		246	141	147	298		169	108		9	19	38	41		22		69	84	59	48	9		50		125	99	89	140		131	80		5	18	35	24		17
STnc4020	61	113	110	46	4		81		99	68	236	127		77	73		51	177	21	161		14		87	108	99	46	8		117		151	56	207	33		73	71		105	85	20	176		11
STnc1430	165	316	451	617	72		140		189	201	350	711		529	326		259	353	342	243		280		210	235	343	348	46		196		226	248	470	419		474	282		253	167	214	185		250
STnc710	5,738	10,554	13,662	12,767	9,545		9,967		16,182	710	10,743	13,367		17,570	12,748		10,762	13,853	6,344	23,370		1,448		14,084	9,373	9,234	11,318	10,827		10,291		8,608	956	11,150	3,125		15,371	8,313		12,418	5,503	5,314	13,137		1,685
STnc780	207	233	177	147	49		233		635	255	159	154		105	112		179	95	119	273		165		252	243	168	149	58		206		342	246	160	261		135	101		194	121	82	164		166
STnc380	52	23	13	11	18		27		138	21	23	9		28	154		24	85	192	104		23		41	38	7	11	25		17		211	27	112	16		34	75		25	71	217	133		23
AmgR	1	2	3	4	6		2		18	2	3	3		2	4		3	5	4	8		3		3	2	3	3	6		0		10	2	4	4		3	3		2	4	4	13		3
STnc4040	37	48	58	82	25		28		68	92	58	409		56	50		89	64	17	125		44		32	49	59	69	35		15		41	71	97	452		66	41		66	47	26	88		40
IstR-1	273	183	176	138	298		210		618	51	180	180		300	190		166	256	1,033	535		103		131	149	127	79	176		245		628	59	123	155		213	134		185	194	412	284		31
STnc2110	79	169	34	62	10		49		1,500	195	585	68		42	100		93	68	89	897		175		104	183	45	71	41		90		2,327	153	1,478	544		30	338		140	70	103	226		355
RNaseP	1,464	1,101	791	191	5		1,133		568	598	923	105		78	551		825	312	48	63		384		1,784	2,147	935	249	9		1,975		1,031	965	581	94		127	469		1,045	583	58	73		351
STnc4250	529	610	426	141	18		466		119	460	430	233		155	252		367	298	151	86		95		603	620	355	188	12		525		162	539	482	180		102	233		412	289	95	89		205
STnc3170	5	5	9	50	15		6		17	27	7	34		18	19		24	123	186	48		125		5	5	13	28	13		3		8	21	13	51		17	8		13	73	255	48		212
STnc400	18,970	32,031	92,094	99,808	146,912		97,710		28,280	8,578	52,683	82,932		191,872	123,481		37,315	29,752	98,063	125,653		8,235		26,921	39,458	72,612	108,518	138,735		94,969		34,037	10,432	57,026	88,797		206,282	120,468		56,683	86,315	146,040	149,834		1,878
STnc1860	80	312	206	399	92		230		563	55	403	455		205	340		140	800	255	203		146		273	352	238	245	57		343		1,658	37	510	341		225	354		200	332	435	285		70
GlmZ	3,803	4,681	5,062	1,674	527		3,153		2,425	1,956	4,017	2,172		4,063	3,908		3,711	7,743	2,857	2,438		1,740		2,292	3,092	3,547	1,977	467		2,800		2,749	1,051	2,240	1,983		2,452	2,649		2,918	7,092	3,218	1,889		634
STnc790	35	113	706	214	402		13		305	72	101	86		28	85		61	32	82	71		95		25	53	242	115	248		17		709	51	86	58		23	39		42	20	26	32		64
Spf	19,498	15,501	1,153	708	428		25,609		14,091	14,055	14,752	3,764		3,687	8,462		15,232	17,262	25,620	27,148		2,470		15,975	13,639	1,065	589	657		23,615		8,997	14,856	5,800	8,093		3,658	8,092		12,349	14,821	16,586	24,548		3,081
CsrC	5,190	4,132	10,431	14,849	3,331		2,651		3,225	8,171	4,250	7,891		10,545	7,078		6,302	2,480	2,875	3,447		2,394		2,421	4,428	8,937	13,336	2,438		1,669		2,878	4,024	3,760	5,885		8,095	6,790		4,362	3,631	5,612	4,706		5,083
STnc800	316	1,521	282	223	8		896		490	1,190	955	680		160	331		1,826	2,724	3,555	2,674		224		481	1,218	370	414	15		612		399	858	791	1,005		195	400		1,954	2,602	2,348	3,190		384
STnc3120	43	38	91	79	301		26		311	50	68	105		74	132		33	55	153	194		13		30	33	58	46	231		15		144	43	40	122		61	42		27	17	79	93		13
CpxQ	926	1,282	2,102	4,903	18,885		1,218		5,113	1,220	765	502		987	2,388		2,276	46	74	75		3,756		1,313	1,777	3,606	4,373	19,562		1,325		5,386	2,602	1,718	1,939		1,331	3,406		3,218	35	59	54		2,648
IsrP	65	45	70	21	5		53		37	58	65	17		24	35		60	57	19	26		36		38	37	40	25	11		48		21	51	29	13		28	25		41	58	24	33		67
STnc4070	28	33	33	31	8		24		65	27	52	130		71	32		12	21	52	112		8		61	43	44	37	7		34		76	43	79	45		49	25		33	15	21	46		13
STnc4080	9	9	5	4	72		14		7	5	9	7		10	7		28	40	474	23		4		11	11	4	4	47		15		13	6	15	118		7	3		21	19	682	21		8
STnc1600	55	76	140	253	61		105		131	189	95	381		157	76		128	96	160	253		112		43	78	126	163	23		58		104	95	232	420		96	76		128	96	125	93		128
OxyS	91	98	65	42	74		52		131	2,128	113	113		1,210	3,668		41	75	20,927	428		631		88	111	72	49	89		103		161	5,673	172	171		1,821	6,920		51	72	10,603	270		81
STnc3490	122	41	43	9	25		52		311	35	58	55		26	64		51	27	85	69		7		39	47	32	16	23		33		152	38	33	67		23	25		31	32	24	32		9
STnc1460	2,139	8,379	5,458	5,272	142		2,677		6,301	326	6,746	5,037		2,218	2,449		5,655	7,285	5,218	2,969		1,662		6,174	5,511	3,912	3,269	194		5,910		5,868	423	9,108	2,871		2,192	2,831		7,594	4,353	3,828	2,074		714
STnc4100	62	37	58	66	14		106		43	21	71	87		104	68		55	100	65	165		26		30	47	52	41	10		100		59	23	85	48		82	45		60	66	62	103		27
STnc810	11	404	218	398	14		59		140	215	179	1,752		49	13		56	24	32	51		22		29	340	275	476	42		154		66	133	1,049	2,092		119	22		73	46	36	64		24
STnc2130	84	1,143	1,264	1,288	366		358		494	239	818	4,471		2,861	1,215		227	463	498	512		164		103	918	1,227	1,323	502		673		382	328	2,195	3,909		2,439	1,633		427	551	619	893		74
STnc880	1,031	1,312	5,226	2,704	3,029		9,342		374	3,282	1,032	1,062		1,230	1,094		1,172	286	223	432		516		413	1,950	2,797	1,284	1,092		1,367		2,717	2,663	6,114	610		630	515		1,312	342	135	251		274
SraL	10	23	136	511	2,066		12		373	16	53	216		772	355		61	820	630	666		496		24	21	243	403	1,157		27		625	14	101	177		868	401		90	1,047	1,873	2,207		683
STnc630	754	959	1,019	647	166		1,010		3,187	1,494	846	494		1,302	1,362		1,570	9,682	34,464	9,462		854		543	535	740	536	106		521		1,781	1,273	642	370		774	829		893	9,844	16,185	6,593		1,532
STnc1180	29	22	45	58	24		16		30	49	29	36		411	116		27	32	45	55		21		16	23	39	49	19		12		27	32	29	41		489	150		29	21	25	24		25
STnc4110	14	50	46	62	197		19		144	43	45	133		55	36		52	29	253	106		5		33	33	48	62	199		15		96	30	59	173		52	47		53	21	115	53		13
STnc440	280	403	1,971	4,781	2,140		460		2,269	1,225	400	964		3,033	2,308		903	21,848	17,701	3,101		31,055		456	384	2,905	4,663	2,629		312		1,916	1,256	396	682		1,619	2,893		843	15,228	21,251	18,705		92,639
STnc3000	19	26	42	32	14		30		202	5	86	8		12	45		51	41	154	168		8		44	31	33	30	15		29		151	13	120	6		20	29		42	27	49	74		5
STnc4120	89	96	111	86	119		83		148	159	115	174		95	71		75	87	135	171		82		82	115	90	88	109		61		85	135	128	104		111	66		87	90	105	174		82
STnc1740	124	112	77	38	18		260		102	228	154	207		102	66		64	41	32	86		16		94	134	51	34	20		219		55	166	146	164		69	33		44	57	30	57		15
STnc2160	5	51	87	133	13		22		89	57	30	516		143	40		42	41	61	99		12		29	43	118	152	23		30		64	41	103	236		244	61		83	50	59	97		24
IsrQ	1	2	3	0	0		2		0	1	3	0		1	1		2	1	0	1		10		5	2	1	2	2		1		2	0	1	2		0	0		2	1	1	1		8
STnc4260	41	14	63	25	33		12		628	40	42	16		16	86		35	16	188	155		28		21	20	31	9	25		20		496	37	91	15		15	31		18	37	61	55		32
STnc4130	39	71	98	144	108		46		416	51	132	233		215	97		195	123	435	312		14		42	58	60	106	71		44		268	30	130	172		164	84		67	79	255	155		11
STnc1470	1,717	3,214	2,121	3,699	3,223		2,479		9,963	90	3,139	3,218		3,363	2,888		5,117	5,693	7,090	5,460		2,581		4,263	2,279	2,798	2,992	2,439		1,950		4,761	107	3,199	3,075		3,670	3,435		3,846	2,891	2,977	5,496		1,052
STnc4140	88	197	187	257	307		66		162	97	203	524		276	117		107	146	233	402		84		150	140	156	132	262		122		105	109	234	236		244	124		174	79	195	408		60
